Date,Open,High,Low,Close,Adj Close,Volume
2000-01-18,19.593750,19.625000,19.156250,19.218750,14.896152,569600
2000-01-19,19.312500,19.406250,18.875000,18.968750,14.702384,807200
2000-01-20,19.031250,19.093750,18.750000,18.906250,14.653936,684200
2000-01-21,19.000000,19.000000,18.500000,18.531250,14.363285,623800
2000-01-24,18.562500,18.625000,18.000000,18.187500,14.096844,417400
2000-01-25,18.312500,18.750000,17.593750,17.812500,13.806187,729200
2000-01-26,17.906250,18.375000,17.656250,18.093750,14.024180,801800
2000-01-27,17.968750,18.343750,17.750000,18.031250,13.975738,354600
2000-01-28,17.906250,17.906250,16.875000,17.250000,13.370202,724200
2000-01-31,17.500000,17.781250,17.406250,17.593750,13.636642,500200
2000-02-01,17.500000,17.625000,17.312500,17.531250,13.588195,274000
2000-02-02,17.593750,17.593750,17.000000,17.031250,13.200655,690400
2000-02-03,17.156250,17.593750,17.000000,17.375000,13.467093,626800
2000-02-04,17.375000,17.875000,17.250000,17.562500,13.612414,754600
2000-02-07,17.437500,17.687500,17.250000,17.468750,13.539758,655800
2000-02-08,17.437500,17.437500,16.937500,17.093750,13.249094,695400
2000-02-09,17.062500,17.062500,16.406250,16.531250,12.813110,611800
2000-02-10,16.406250,16.750000,16.312500,16.562500,12.837332,441000
2000-02-11,16.687500,16.750000,16.156250,16.250000,12.595119,366600
2000-02-14,16.312500,16.437500,16.093750,16.250000,12.595119,302000
2000-02-15,16.250000,16.687500,16.125000,16.687500,12.934220,683400
2000-02-16,16.625000,16.812500,16.250000,16.375000,12.692005,408000
2000-02-17,16.437500,16.437500,16.187500,16.343750,12.667784,393000
2000-02-18,16.218750,16.343750,15.125000,15.531250,12.038027,849000
2000-02-22,16.000000,16.093750,15.500000,15.843750,12.280246,626000
2000-02-23,15.812500,15.937500,15.375000,15.562500,12.062249,501000
2000-02-24,15.500000,15.531250,14.187500,14.562500,11.287168,1124400
2000-02-25,14.687500,15.031250,14.531250,14.562500,11.287168,557800
2000-02-28,14.687500,14.906250,14.000000,14.312500,11.093391,720600
2000-02-29,14.375000,14.468750,14.062500,14.125000,10.948067,651800
2000-03-01,14.375000,14.625000,14.250000,14.437500,11.190275,710400
2000-03-02,14.406250,14.625000,14.281250,14.375000,11.141833,718800
2000-03-03,14.375000,15.500000,14.312500,15.343750,11.892699,1126800
2000-03-06,15.343750,15.406250,14.093750,14.250000,11.044954,570200
2000-03-07,14.437500,14.750000,14.093750,14.187500,10.996508,778000
2000-03-08,14.062500,14.718750,14.000000,14.562500,11.287168,667600
2000-03-09,14.625000,15.250000,14.437500,15.125000,11.723152,873200
2000-03-10,14.968750,15.343750,14.875000,15.187500,11.771597,709600
2000-03-13,15.218750,15.218750,14.750000,14.906250,11.553601,614200
2000-03-14,14.812500,15.656250,14.812500,15.406250,11.941137,907800
2000-03-15,15.312500,16.500000,15.250000,16.281250,12.619340,1011600
2000-03-16,16.625000,17.343750,16.375000,17.312500,13.418647,877400
2000-03-17,17.937500,17.937500,17.031250,17.218750,13.392397,1137400
2000-03-20,17.281250,17.468750,16.812500,17.062500,13.270869,896600
2000-03-21,16.875000,17.687500,16.875000,17.500000,13.611147,430200
2000-03-22,17.500000,17.562500,17.000000,17.187500,13.368095,450000
2000-03-23,17.062500,17.250000,16.437500,16.937500,13.173643,1142000
2000-03-24,16.812500,17.343750,16.687500,17.281250,13.441010,669200
2000-03-27,17.187500,17.468750,17.093750,17.281250,13.441010,460000
2000-03-28,17.218750,17.875000,17.187500,17.312500,13.465313,505400
2000-03-29,17.281250,17.500000,17.281250,17.468750,13.586843,221800
2000-03-30,17.593750,18.500000,17.562500,18.250000,14.194481,760400
2000-03-31,18.218750,18.500000,18.187500,18.343750,14.267399,706800
2000-04-03,18.250000,19.000000,18.125000,18.593750,14.461850,869000
2000-04-04,18.687500,19.000000,18.000000,18.468750,14.364625,494200
2000-04-05,18.406250,19.000000,18.406250,18.875000,14.680594,587400
2000-04-06,18.843750,19.031250,18.812500,18.937500,14.729207,459400
2000-04-07,18.812500,18.968750,18.656250,18.718750,14.559072,368400
2000-04-10,18.656250,19.187500,18.656250,18.937500,14.729207,527000
2000-04-11,18.812500,19.468750,18.812500,19.125000,14.875044,556200
2000-04-12,19.125000,19.500000,19.125000,19.187500,14.923652,437200
2000-04-13,19.187500,19.312500,18.843750,18.968750,14.753516,424000
2000-04-14,18.562500,18.812500,17.937500,18.312500,14.243090,719000
2000-04-17,18.062500,18.531250,18.000000,18.187500,14.145869,467600
2000-04-18,18.218750,18.218750,17.500000,17.781250,13.829896,535800
2000-04-19,17.718750,18.000000,17.468750,17.812500,13.854199,595000
2000-04-20,18.500000,18.781250,18.250000,18.312500,14.243090,1123800
2000-04-24,18.187500,19.125000,18.125000,18.968750,14.753516,1053000
2000-04-25,18.843750,19.375000,18.750000,19.281250,14.996569,578800
2000-04-26,19.281250,19.843750,19.156250,19.437500,15.118093,712000
2000-04-27,19.187500,19.625000,19.125000,19.500000,15.166702,830200
2000-04-28,19.437500,20.000000,19.437500,19.531250,15.191008,764800
2000-05-01,19.406250,20.093750,19.406250,20.093750,15.628509,643400
2000-05-02,19.968750,20.031250,19.750000,20.031250,15.579900,1046400
2000-05-03,19.750000,20.125000,19.625000,19.937500,15.506989,1325200
2000-05-04,19.937500,20.093750,19.718750,19.937500,15.506989,819000
2000-05-05,19.843750,20.562500,19.750000,20.125000,15.652821,841400
2000-05-08,19.937500,19.937500,19.281250,19.625000,15.263928,713000
2000-05-09,19.500000,20.000000,19.343750,20.000000,15.555595,1005400
2000-05-10,19.937500,20.437500,19.843750,20.000000,15.555595,448600
2000-05-11,19.875000,20.625000,19.875000,20.343750,15.822963,595000
2000-05-12,20.281250,20.468750,20.000000,20.437500,15.895878,636400
2000-05-15,20.312500,20.500000,20.218750,20.406250,15.871567,619000
2000-05-16,20.156250,20.156250,19.750000,20.000000,15.555595,813600
2000-05-17,20.000000,20.031250,19.718750,20.000000,15.555595,389200
2000-05-18,19.875000,20.093750,19.562500,19.593750,15.239621,515600
2000-05-19,19.500000,19.625000,19.218750,19.500000,15.166702,690200
2000-05-22,19.593750,19.937500,19.593750,19.781250,15.385454,391400
2000-05-23,19.687500,19.812500,19.281250,19.500000,15.166702,519800
2000-05-24,19.625000,19.812500,19.531250,19.625000,15.263928,373600
2000-05-25,19.562500,19.562500,18.968750,18.968750,14.753516,557000
2000-05-26,19.031250,19.250000,18.968750,19.093750,14.850731,348200
2000-05-30,19.000000,19.375000,19.000000,19.343750,15.045183,458200
2000-05-31,19.218750,19.218750,19.000000,19.125000,14.875044,419200
2000-06-01,19.000000,19.156250,18.531250,19.093750,14.850731,994800
2000-06-02,19.125000,19.687500,19.093750,19.593750,15.239621,586200
2000-06-05,19.406250,19.406250,19.031250,19.125000,14.875044,492400
2000-06-06,19.062500,19.093750,18.812500,18.937500,14.729207,500400
2000-06-07,18.906250,19.187500,18.875000,19.031250,14.802121,387800
2000-06-08,18.906250,19.437500,18.468750,19.218750,14.947958,411800
2000-06-09,19.281250,19.468750,19.093750,19.187500,14.923652,367400
2000-06-12,19.062500,19.375000,18.437500,18.562500,14.437533,709200
2000-06-13,18.687500,18.812500,18.593750,18.656250,14.510460,634000
2000-06-14,18.687500,19.031250,18.625000,18.843750,14.656295,441800
2000-06-15,18.937500,19.187500,18.656250,18.656250,14.510460,408200
2000-06-16,18.656250,18.718750,18.375000,18.515625,14.447540,701400
2000-06-19,18.437500,18.625000,18.406250,18.468750,14.410972,559600
2000-06-20,18.375000,18.437500,17.937500,18.281250,14.264668,734800
2000-06-21,18.156250,18.218750,17.812500,17.906250,13.972047,455400
2000-06-22,17.812500,17.968750,17.687500,17.875000,13.947668,489800
2000-06-23,17.968750,18.218750,17.906250,18.000000,14.045205,293400
2000-06-26,18.000000,18.093750,17.718750,17.937500,13.996439,447200
2000-06-27,18.000000,18.750000,17.968750,18.468750,14.410972,667200
2000-06-28,18.593750,19.093750,18.000000,18.671875,14.569472,897800
2000-06-29,18.531250,19.312500,18.531250,19.031250,14.849884,706200
2000-06-30,18.906250,19.562500,18.656250,19.531250,15.240019,1034600
2000-07-03,19.531250,20.000000,19.531250,20.000000,15.605789,512800
2000-07-05,19.937500,20.000000,19.812500,20.000000,15.605789,528000
2000-07-06,19.812500,19.812500,19.000000,19.218750,14.996184,590800
2000-07-07,19.062500,19.375000,19.062500,19.218750,14.996184,445600
2000-07-10,19.250000,19.343750,19.187500,19.312500,15.069333,1173000
2000-07-11,19.250000,19.343750,18.906250,18.937500,14.776727,1101600
2000-07-12,18.968750,18.968750,18.500000,18.687500,14.581661,800600
2000-07-13,18.718750,18.718750,18.593750,18.687500,14.581661,907200
2000-07-14,18.718750,18.718750,18.218750,18.562500,14.484118,426800
2000-07-17,18.437500,18.437500,17.812500,18.031250,14.069592,513800
2000-07-18,18.062500,18.343750,18.031250,18.250000,14.240279,830400
2000-07-19,18.312500,18.500000,18.250000,18.343750,14.313431,488800
2000-07-20,18.125000,18.500000,17.968750,18.468750,14.410972,720800
2000-07-21,18.375000,18.531250,18.000000,18.062500,14.093974,401400
2000-07-24,17.812500,17.968750,17.593750,17.718750,13.825750,386400
2000-07-25,17.718750,18.218750,17.625000,18.093750,14.118359,808000
2000-07-26,18.000000,18.000000,17.312500,17.437500,13.606298,652200
2000-07-27,17.375000,17.843750,17.375000,17.734375,13.837937,795200
2000-07-28,17.718750,18.250000,17.718750,18.062500,14.093974,505000
2000-07-31,18.093750,18.250000,17.906250,17.906250,13.972047,683800
2000-08-01,18.031250,18.093750,17.937500,17.937500,13.996439,253800
2000-08-02,17.906250,18.000000,17.593750,17.937500,13.996439,451200
2000-08-03,18.062500,18.343750,17.906250,18.093750,14.118359,422200
2000-08-04,18.031250,18.281250,17.781250,18.156250,14.167133,268400
2000-08-07,18.250000,18.843750,18.250000,18.750000,14.630429,487600
2000-08-08,18.625000,18.968750,18.375000,18.875000,14.727959,459800
2000-08-09,18.750000,18.812500,18.218750,18.468750,14.410972,655400
2000-08-10,18.468750,18.750000,18.437500,18.500000,14.435349,379200
2000-08-11,18.812500,19.218750,18.812500,19.062500,14.874269,379400
2000-08-14,18.937500,19.093750,18.812500,19.000000,14.825497,273000
2000-08-15,18.875000,19.312500,18.875000,19.125000,14.923038,228200
2000-08-16,19.062500,19.406250,19.062500,19.250000,15.020567,217800
2000-08-17,19.250000,19.406250,19.187500,19.218750,14.996184,220400
2000-08-18,19.156250,19.406250,19.125000,19.250000,15.020567,408400
2000-08-21,19.375000,19.468750,19.343750,19.375000,15.118106,306600
2000-08-22,19.312500,19.812500,19.125000,19.750000,15.410720,611600
2000-08-23,19.750000,19.843750,19.531250,19.656250,15.337567,567600
2000-08-24,19.531250,19.593750,19.218750,19.312500,15.069333,478800
2000-08-25,19.312500,19.562500,19.281250,19.437500,15.166872,671600
2000-08-28,19.437500,19.437500,19.187500,19.281250,15.044956,432000
2000-08-29,19.062500,19.250000,19.031250,19.062500,14.874269,296600
2000-08-30,19.000000,19.250000,19.000000,19.093750,14.898646,401400
2000-08-31,19.187500,19.593750,19.093750,19.468750,15.191259,338400
2000-09-01,19.468750,19.500000,19.312500,19.343750,15.093726,286200
2000-09-05,19.343750,19.500000,19.218750,19.343750,15.093726,300400
2000-09-06,19.375000,19.781250,19.343750,19.531250,15.240019,347800
2000-09-07,19.656250,19.718750,19.031250,19.218750,14.996184,361200
2000-09-08,19.218750,19.218750,18.781250,18.968750,14.801113,485000
2000-09-11,18.937500,19.218750,18.843750,19.062500,14.874269,439400
2000-09-12,18.968750,19.375000,18.843750,19.375000,15.118106,570200
2000-09-13,19.187500,19.343750,18.968750,18.968750,14.801113,272200
2000-09-14,18.906250,18.968750,18.062500,18.406250,14.362201,575400
2000-09-15,18.000000,18.343750,18.000000,18.093750,14.164531,877000
2000-09-18,18.125000,18.343750,17.875000,18.218750,14.262386,575600
2000-09-19,18.218750,18.250000,17.812500,18.062500,14.140066,334600
2000-09-20,18.062500,18.062500,17.781250,17.843750,13.968824,280400
2000-09-21,17.875000,18.187500,17.812500,17.968750,14.066681,455800
2000-09-22,17.875000,18.031250,17.250000,17.937500,14.042211,525600
2000-09-25,17.937500,18.031250,17.687500,17.875000,13.993286,281600
2000-09-26,17.937500,17.968750,16.625000,17.125000,13.406157,1474000
2000-09-27,17.000000,17.125000,16.812500,17.031250,13.332765,1190400
2000-09-28,17.093750,17.875000,17.093750,17.718750,13.870967,355000
2000-09-29,17.625000,18.218750,17.593750,18.031250,14.115607,367000
2000-10-02,17.937500,18.343750,17.593750,17.937500,14.042211,411000
2000-10-03,18.031250,18.500000,17.968750,18.375000,14.384707,401600
2000-10-04,18.375000,18.812500,18.218750,18.281250,14.311324,609800
2000-10-05,18.312500,18.312500,18.062500,18.125000,14.188995,270200
2000-10-06,18.250000,18.531250,17.875000,17.937500,14.042211,545200
2000-10-09,17.812500,18.281250,17.750000,17.843750,13.968824,551600
2000-10-10,17.906250,18.281250,17.906250,18.187500,14.237923,577400
2000-10-11,18.156250,18.468750,17.968750,18.125000,14.188995,481000
2000-10-12,18.093750,18.187500,17.750000,17.937500,14.042211,543200
2000-10-13,17.812500,17.843750,17.625000,17.750000,13.895429,343000
2000-10-16,17.750000,18.187500,17.562500,17.875000,13.993286,335000
2000-10-17,18.000000,18.156250,17.500000,17.531250,13.724185,326400
2000-10-18,17.531250,17.562500,17.062500,17.375000,13.601867,280600
2000-10-19,17.125000,17.687500,17.031250,17.437500,13.650797,464400
2000-10-20,17.312500,17.937500,17.218750,17.562500,13.748647,560800
2000-10-23,17.593750,17.906250,17.437500,17.687500,13.846504,539600
2000-10-24,17.812500,18.500000,17.781250,18.406250,14.409171,546200
2000-10-25,18.375000,18.531250,18.031250,18.437500,14.433636,500000
2000-10-26,18.468750,18.968750,18.437500,18.843750,14.751669,479600
2000-10-27,18.718750,19.156250,18.531250,19.093750,14.947369,432000
2000-10-30,19.093750,20.125000,19.093750,20.093750,15.730210,1508000
2000-10-31,20.000000,20.062500,19.562500,19.593750,15.338792,1309000
2000-11-01,19.375000,19.562500,19.156250,19.500000,15.265398,733200
2000-11-02,19.625000,20.000000,19.281250,19.812500,15.510043,684800
2000-11-03,19.937500,20.000000,19.625000,19.781250,15.485575,397400
2000-11-06,19.781250,20.000000,19.781250,19.937500,15.607897,373400
2000-11-07,20.000000,20.375000,19.750000,20.031250,15.681285,560000
2000-11-08,19.812500,20.312500,19.531250,19.781250,15.485575,803400
2000-11-09,19.843750,20.125000,19.750000,20.000000,15.656825,530000
2000-11-10,20.000000,20.031250,19.781250,19.875000,15.558960,443600
2000-11-13,19.812500,20.000000,19.406250,19.562500,15.314327,609400
2000-11-14,19.468750,20.000000,19.468750,19.937500,15.607897,954600
2000-11-15,19.875000,20.312500,19.875000,20.125000,15.754682,614200
2000-11-16,20.125000,20.125000,19.656250,19.812500,15.510043,357000
2000-11-17,19.750000,20.250000,19.750000,20.031250,15.681285,488400
2000-11-20,20.000000,20.031250,19.781250,19.843750,15.534499,293400
2000-11-21,19.781250,20.593750,19.781250,20.437500,15.999314,1275200
2000-11-22,20.312500,20.437500,20.187500,20.343750,15.925926,472600
2000-11-24,20.250000,20.718750,20.250000,20.531250,16.072714,259200
2000-11-27,20.656250,20.718750,20.343750,20.562500,16.097172,618400
2000-11-28,20.562500,21.125000,20.562500,20.875000,16.341810,1276400
2000-11-29,20.875000,21.625000,20.875000,21.375000,16.733225,1012400
2000-11-30,21.375000,21.875000,21.312500,21.718750,17.002331,1512800
2000-12-01,21.593750,21.718750,21.312500,21.625000,16.928934,1071400
2000-12-04,21.625000,22.000000,21.625000,21.875000,17.124655,1040200
2000-12-05,22.000000,22.000000,21.125000,21.343750,16.708775,1490800
2000-12-06,21.343750,21.343750,20.843750,20.937500,16.390743,1189200
2000-12-07,20.562500,21.031250,20.562500,20.843750,16.317350,560600
2000-12-08,21.625000,22.000000,21.500000,21.750000,17.026798,1719400
2000-12-11,21.718750,21.750000,20.937500,21.093750,16.513052,1594000
2000-12-12,21.187500,21.593750,21.000000,21.125000,16.537527,552200
2000-12-13,21.125000,21.468750,21.000000,21.250000,16.635374,933000
2000-12-14,21.312500,21.406250,20.718750,20.875000,16.341810,883800
2000-12-15,20.718750,21.031250,20.406250,20.468750,16.073830,1803600
2000-12-18,20.593750,20.945313,20.500000,20.625000,16.196533,772800
2000-12-19,20.687500,20.687500,20.218750,20.250000,15.902050,714800
2000-12-20,20.093750,20.281250,19.812500,19.906250,15.632112,600000
2000-12-21,20.062500,20.500000,19.968750,20.281250,15.926586,568400
2000-12-22,20.562500,20.937500,20.187500,20.875000,16.392853,769400
2000-12-26,20.843750,20.875000,20.593750,20.687500,16.245617,427800
2000-12-27,20.875000,22.156250,20.843750,21.593750,16.957272,1492400
2000-12-28,21.750000,22.843750,20.875000,22.343750,17.546246,1057600
2000-12-29,22.250000,22.406250,21.500000,21.593750,16.957272,625600
2001-01-02,21.593750,21.593750,21.156250,21.250000,16.687338,571600
2001-01-03,21.437500,21.562500,21.000000,21.531250,16.908199,930200
2001-01-04,21.812500,22.093750,21.343750,21.531250,16.908199,901600
2001-01-05,21.656250,21.656250,21.125000,21.468750,16.859112,799600
2001-01-08,21.468750,22.031250,21.437500,21.968750,17.251762,941400
2001-01-09,21.781250,21.781250,21.187500,21.375000,16.785492,494800
2001-01-10,21.250000,21.281250,20.468750,21.156250,16.613718,452200
2001-01-11,21.218750,21.343750,20.750000,21.187500,16.638260,455600
2001-01-12,21.343750,21.375000,20.687500,20.937500,16.441936,326800
2001-01-16,20.750000,20.781250,20.281250,20.500000,16.098368,1178400
2001-01-17,20.562500,20.562500,19.531250,19.656250,15.435790,899800
2001-01-18,19.687500,19.718750,19.156250,19.500000,15.313080,735600
2001-01-19,19.312500,19.468750,19.000000,19.187500,15.067682,1162800
2001-01-22,19.250000,19.625000,19.000000,19.500000,15.313080,678200
2001-01-23,19.312500,19.875000,19.312500,19.468750,15.288543,692000
2001-01-24,19.593750,19.718750,19.375000,19.468750,15.288543,549000
2001-01-25,19.437500,19.656250,19.250000,19.468750,15.288543,1149200
2001-01-26,19.625000,19.812500,19.406250,19.437500,15.264003,896800
2001-01-29,19.400000,20.125000,19.395000,19.920000,15.642902,547200
2001-01-30,19.920000,20.625000,19.795000,20.525000,16.118006,777800
2001-01-31,20.500000,21.025000,20.450001,20.775000,16.314325,868000
2001-02-01,21.000000,21.549999,20.945000,21.375000,16.785492,1159400
2001-02-02,21.350000,21.475000,20.945000,21.075001,16.549919,587000
2001-02-05,21.000000,21.500000,21.000000,21.400000,16.805130,360200
2001-02-06,21.395000,21.825001,21.330000,21.514999,16.895432,896800
2001-02-07,21.549999,21.594999,21.225000,21.405001,16.809052,573800
2001-02-08,21.475000,21.485001,21.174999,21.379999,16.789417,587200
2001-02-09,21.424999,21.725000,21.415001,21.530001,16.907217,567200
2001-02-12,21.530001,21.530001,21.125000,21.275000,16.706964,571800
2001-02-13,21.174999,21.625000,20.665001,20.674999,16.235792,1091400
2001-02-14,20.799999,21.844999,20.770000,21.230000,16.671629,1155200
2001-02-15,21.105000,21.635000,21.075001,21.174999,16.628437,1169600
2001-02-16,21.250000,21.344999,20.785000,20.879999,16.396774,519800
2001-02-20,21.000000,21.940001,20.975000,21.415001,16.816910,626400
2001-02-21,21.500000,21.500000,20.950001,21.275000,16.706964,612600
2001-02-22,21.275000,21.400000,20.700001,21.145000,16.604883,421800
2001-02-23,20.924999,20.924999,20.320000,20.635000,16.204388,527000
2001-02-26,20.750000,21.125000,20.635000,21.115000,16.581322,556800
2001-02-27,21.120001,21.200001,20.885000,21.150000,16.608809,520000
2001-02-28,21.275000,21.275000,20.850000,20.975000,16.471388,497000
2001-03-01,20.875000,21.309999,20.875000,21.184999,16.636295,631400
2001-03-02,21.100000,21.575001,20.850000,21.504999,16.887577,653000
2001-03-05,21.500000,21.924999,21.500000,21.625000,16.981819,648000
2001-03-06,21.875000,21.875000,21.260000,21.365000,16.777636,1107800
2001-03-07,21.350000,21.650000,21.350000,21.650000,17.001459,392800
2001-03-08,21.650000,21.770000,21.450001,21.754999,17.083904,427200
2001-03-09,21.700001,22.035000,21.700001,21.924999,17.217402,538600
2001-03-12,21.600000,21.799999,21.340000,21.500000,16.883648,448000
2001-03-13,21.400000,21.400000,20.450001,20.900000,16.412493,799200
2001-03-14,20.650000,20.674999,20.225000,20.555000,16.141565,499200
2001-03-15,20.500000,21.150000,20.475000,20.965000,16.463530,842800
2001-03-16,21.250000,21.424999,20.825001,20.965000,16.514734,1418800
2001-03-19,20.850000,21.275000,20.514999,20.750000,16.345367,658400
2001-03-20,20.650000,20.905001,20.150000,20.605000,16.231146,536600
2001-03-21,20.605000,20.605000,19.805000,20.165001,15.884545,606000
2001-03-22,20.000000,20.000000,18.940001,19.480000,15.344954,506800
2001-03-23,19.549999,20.299999,19.240000,20.209999,15.919992,590400
2001-03-26,20.174999,21.270000,20.174999,20.875000,16.443836,796400
2001-03-27,20.799999,21.325001,20.725000,21.309999,16.786501,860400
2001-03-28,21.184999,21.299999,20.600000,21.115000,16.632893,894000
2001-03-29,20.850000,21.375000,20.750000,21.014999,16.554123,522200
2001-03-30,21.150000,21.250000,20.875000,21.209999,16.707726,411800
2001-04-02,21.245001,21.600000,20.750000,21.055000,16.585625,715800
2001-04-03,21.000000,21.000000,20.000000,20.375000,16.049967,1048000
2001-04-04,20.250000,20.475000,20.105000,20.334999,16.018463,1003400
2001-04-05,20.360001,20.850000,20.200001,20.844999,16.420202,703800
2001-04-06,20.844999,20.844999,19.900000,20.450001,16.109049,626600
2001-04-09,20.450001,21.100000,20.450001,20.850000,16.424147,385200
2001-04-10,20.900000,21.280001,20.709999,21.260000,16.747112,553000
2001-04-11,21.035000,21.035000,20.325001,20.469999,16.124807,632000
2001-04-12,20.500000,20.625000,19.924999,20.405001,16.073610,514600
2001-04-16,20.530001,20.900000,20.025000,20.500000,16.148432,587400
2001-04-17,20.549999,20.785000,20.225000,20.785000,16.372940,297000
2001-04-18,20.975000,21.150000,20.625000,21.000000,16.542299,622200
2001-04-19,20.799999,20.825001,20.430000,20.490000,16.140560,821200
2001-04-20,20.400000,20.525000,19.775000,20.065001,15.805773,679800
2001-04-23,19.875000,19.900000,19.245001,19.320000,15.218925,1191400
2001-04-24,19.100000,19.200001,18.600000,18.750000,14.769909,1902200
2001-04-25,18.815001,18.815001,18.174999,18.570000,14.628116,1187400
2001-04-26,18.625000,19.000000,18.575001,18.905001,14.892015,1296200
2001-04-27,19.020000,19.305000,18.750000,19.010000,14.974720,726600
2001-04-30,19.110001,19.125000,18.875000,18.915001,14.899885,901200
2001-05-01,19.025000,19.100000,18.820000,18.924999,14.907760,910400
2001-05-02,19.049999,19.245001,18.805000,19.184999,15.112568,865200
2001-05-03,19.094999,19.094999,18.825001,19.000000,14.966844,928200
2001-05-04,18.950001,19.245001,18.795000,19.200001,15.124391,689000
2001-05-07,19.225000,19.514999,19.200001,19.235001,15.151962,612400
2001-05-08,19.500000,19.535000,19.299999,19.395000,15.277997,645800
2001-05-09,19.200001,19.674999,19.174999,19.510000,15.368591,378200
2001-05-10,19.799999,19.875000,19.690001,19.855000,15.640352,733200
2001-05-11,20.250000,20.299999,19.700001,19.799999,15.597024,1025200
2001-05-14,19.900000,20.049999,19.665001,19.870001,15.652174,542000
2001-05-15,19.870001,20.150000,19.850000,19.990000,15.746696,326800
2001-05-16,19.975000,20.750000,19.975000,20.695000,16.302046,481800
2001-05-17,20.875000,21.150000,20.635000,20.879999,16.447783,747600
2001-05-18,20.879999,21.025000,20.450001,20.754999,16.349314,1043200
2001-05-21,20.725000,20.775000,20.285000,20.610001,16.235085,784200
2001-05-22,20.750000,20.750000,20.325001,20.434999,16.097235,1038000
2001-05-23,20.350000,20.500000,20.100000,20.180000,15.896364,551800
2001-05-24,20.180000,20.299999,20.000000,20.135000,15.860917,481200
2001-05-25,20.174999,20.415001,20.094999,20.150000,15.872737,203400
2001-05-29,20.200001,20.525000,20.094999,20.240000,15.943630,362800
2001-05-30,20.150000,20.485001,19.980000,20.049999,15.793969,540800
2001-05-31,20.225000,20.584999,20.200001,20.440001,16.101181,510400
2001-06-01,20.445000,20.549999,20.075001,20.445000,16.105106,681800
2001-06-04,20.445000,20.684999,20.440001,20.575001,16.207514,512400
2001-06-05,20.650000,20.735001,20.490000,20.605000,16.231146,851600
2001-06-06,20.650000,20.775000,20.575001,20.700001,16.305977,862000
2001-06-07,20.790001,20.924999,20.639999,20.805000,16.388699,353600
2001-06-08,20.875000,20.950001,20.674999,20.885000,16.451714,341400
2001-06-11,20.799999,20.900000,20.549999,20.570000,16.203575,304400
2001-06-12,20.500000,20.650000,20.475000,20.520000,16.164192,570400
2001-06-13,20.395000,20.650000,20.325001,20.480000,16.132690,465800
2001-06-14,20.605000,20.615000,20.250000,20.475000,16.128748,562200
2001-06-15,20.225000,20.424999,20.075001,20.270000,16.018110,604200
2001-06-18,20.174999,20.264999,19.975000,20.160000,15.931191,330400
2001-06-19,20.049999,20.500000,20.004999,20.305000,16.045769,701800
2001-06-20,20.299999,20.665001,20.215000,20.620001,16.294691,490800
2001-06-21,20.549999,20.555000,20.120001,20.254999,16.006258,645000
2001-06-22,20.225000,20.275000,19.815001,19.870001,15.702010,332000
2001-06-25,19.870001,20.100000,19.625000,19.674999,15.547920,618800
2001-06-26,19.600000,20.174999,19.500000,20.040001,15.836352,507600
2001-06-27,20.025000,20.424999,19.965000,20.135000,15.911436,440400
2001-06-28,20.350000,20.600000,20.200001,20.395000,16.116886,599000
2001-06-29,20.549999,20.600000,20.174999,20.485001,16.188007,849800
2001-07-02,20.475000,20.860001,20.424999,20.625000,16.298645,600400
2001-07-03,20.600000,20.725000,20.340000,20.684999,16.346058,294400
2001-07-05,20.700001,20.969999,20.670000,20.785000,16.425083,695400
2001-07-06,20.584999,20.600000,19.905001,19.924999,15.745476,966800
2001-07-09,20.000000,20.299999,19.940001,20.205000,15.966740,528600
2001-07-10,20.100000,20.225000,19.875000,20.004999,15.808700,408400
2001-07-11,20.049999,20.400000,19.915001,20.254999,16.006258,564200
2001-07-12,20.350000,20.625000,20.125000,20.575001,16.259134,320800
2001-07-13,20.549999,20.700001,20.250000,20.410000,16.128754,370600
2001-07-16,20.299999,20.625000,20.285000,20.360001,16.089235,260200
2001-07-17,20.365000,20.400000,20.174999,20.260000,16.010210,468600
2001-07-18,20.260000,20.270000,19.875000,20.075001,15.864009,867000
2001-07-19,19.625000,19.850000,19.389999,19.770000,15.622994,1527000
2001-07-20,19.825001,19.850000,19.465000,19.695000,15.563728,1293800
2001-07-23,19.875000,19.900000,19.575001,19.709999,15.575571,957800
2001-07-24,19.549999,19.655001,19.125000,19.370001,15.306897,864400
2001-07-25,19.475000,19.750000,19.325001,19.735001,15.595336,624400
2001-07-26,19.850000,19.875000,19.424999,19.825001,15.666456,457800
2001-07-27,19.840000,19.844999,19.549999,19.635000,15.516313,225000
2001-07-30,19.635000,19.770000,19.480000,19.750000,15.607191,544400
2001-07-31,19.650000,20.080000,19.650000,20.020000,15.820551,589400
2001-08-01,20.125000,20.139999,19.750000,19.855000,15.690166,580400
2001-08-02,20.075001,20.150000,19.825001,19.940001,15.757333,428000
2001-08-03,20.000000,20.025000,19.690001,19.969999,15.781044,243600
2001-08-06,19.950001,20.000000,19.600000,19.850000,15.686209,446600
2001-08-07,19.950001,19.975000,19.750000,19.910000,15.733624,322600
2001-08-08,19.900000,19.985001,19.725000,19.805000,15.650647,352800
2001-08-09,19.660000,19.775000,19.525000,19.650000,15.528169,462600
2001-08-10,19.625000,19.975000,19.600000,19.855000,15.690166,313400
2001-08-13,19.875000,19.990000,19.799999,19.945000,15.761292,472800
2001-08-14,19.875000,20.025000,19.799999,19.940001,15.757333,195200
2001-08-15,19.900000,20.075001,19.730000,20.045000,15.840306,251400
2001-08-16,20.049999,20.230000,19.889999,20.184999,15.950936,208400
2001-08-17,20.250000,20.500000,20.165001,20.365000,16.093189,395800
2001-08-20,20.235001,20.325001,20.059999,20.209999,15.970694,592400
2001-08-21,20.325001,20.600000,20.309999,20.450001,16.160347,354000
2001-08-22,20.450001,20.684999,20.299999,20.549999,16.239376,623200
2001-08-23,20.650000,20.805000,20.490000,20.670000,16.334200,643600
2001-08-24,20.625000,20.990000,20.625000,20.955000,16.559418,601000
2001-08-27,20.900000,21.000000,20.674999,20.709999,16.365816,664200
2001-08-28,20.674999,20.674999,20.150000,20.295000,16.037868,570200
2001-08-29,20.275000,20.450001,20.094999,20.275000,16.022066,436800
2001-08-30,20.250000,20.424999,19.975000,20.020000,15.820551,364000
2001-08-31,20.075001,20.250000,19.805000,20.040001,15.836352,849000
2001-09-04,20.049999,20.115000,19.950001,19.980000,15.788941,586000
2001-09-05,19.950001,19.975000,19.674999,19.930000,15.749429,844200
2001-09-06,19.775000,19.875000,19.690001,19.775000,15.626949,1267600
2001-09-07,19.799999,19.799999,19.525000,19.549999,15.449131,1353400
2001-09-10,19.549999,19.575001,19.280001,19.424999,15.350360,697200
2001-09-17,17.250000,18.235001,17.150000,17.500000,13.969068,2181400
2001-09-18,17.500000,17.645000,17.200001,17.240000,13.761529,821800
2001-09-19,17.049999,17.125000,16.400000,16.674999,13.310534,1660000
2001-09-20,16.725000,16.725000,15.500000,15.500000,12.372604,1438800
2001-09-21,14.250000,15.575000,14.250000,15.485000,12.360630,2260400
2001-09-24,15.875000,17.250000,15.875000,17.004999,13.573949,1847400
2001-09-25,16.924999,17.400000,16.775000,17.055000,13.613862,1193200
2001-09-26,17.055000,17.299999,16.680000,16.915001,13.502110,1175800
2001-09-27,17.059999,17.674999,16.785000,17.639999,14.080824,938400
2001-09-28,18.125000,18.625000,17.950001,18.165001,14.499896,1398000
2001-10-01,17.875000,17.975000,17.250000,17.424999,13.909208,869200
2001-10-02,17.275000,18.025000,17.250000,17.990000,14.360204,2123200
2001-10-03,17.750000,18.004999,17.525000,17.745001,14.164637,2129000
2001-10-04,17.760000,17.809999,17.400000,17.400000,13.889248,1110000
2001-10-05,17.625000,18.145000,17.475000,18.065001,14.420072,5520400
2001-10-08,17.975000,17.975000,17.365000,17.500000,13.969068,1333400
2001-10-09,17.424999,17.775000,17.424999,17.559999,14.016972,714600
2001-10-10,17.625000,18.174999,17.520000,18.135000,14.475951,373400
2001-10-11,18.150000,18.775000,18.150000,18.615000,14.859098,593600
2001-10-12,18.500000,18.504999,18.094999,18.225000,14.547795,741800
2001-10-15,18.250000,18.250000,17.850000,18.129999,14.471955,551600
2001-10-16,18.299999,18.299999,17.975000,18.160000,14.495897,495200
2001-10-17,18.200001,18.200001,17.330000,17.465000,13.941136,1135400
2001-10-18,17.400000,17.750000,17.100000,17.420000,13.905211,910400
2001-10-19,17.424999,17.450001,17.135000,17.254999,13.773504,561800
2001-10-22,17.355000,17.514999,17.215000,17.450001,13.929160,633400
2001-10-23,17.475000,17.750000,17.245001,17.709999,14.136700,549200
2001-10-24,17.700001,17.905001,17.674999,17.799999,14.208536,790000
2001-10-25,17.700001,17.950001,17.700001,17.924999,14.308316,702000
2001-10-26,17.900000,18.135000,17.805000,18.125000,14.467964,279200
2001-10-29,18.025000,18.025000,17.700001,17.715000,14.140688,427000
2001-10-30,17.549999,17.790001,17.549999,17.684999,14.116745,968000
2001-10-31,17.625000,17.795000,17.504999,17.590000,14.040911,401800
2001-11-01,17.510000,17.990000,17.500000,17.820000,14.224501,544600
2001-11-02,17.900000,18.209999,17.590000,17.895000,14.284378,642800
2001-11-05,17.950001,18.049999,17.580000,17.799999,14.208536,634800
2001-11-06,17.805000,18.275000,17.575001,18.264999,14.579720,656800
2001-11-07,18.100000,18.325001,17.924999,18.315001,14.619627,575800
2001-11-08,18.315001,18.360001,18.209999,18.260000,14.575731,418600
2001-11-09,18.299999,18.500000,18.150000,18.440001,14.719414,368400
2001-11-12,18.325001,18.325001,17.850000,17.975000,14.348231,634200
2001-11-13,17.975000,18.420000,17.975000,18.375000,14.667527,631400
2001-11-14,18.400000,18.695000,18.250000,18.520000,14.783274,490600
2001-11-15,18.375000,19.125000,18.375000,19.030001,15.190372,1002600
2001-11-16,19.150000,19.195000,18.900000,19.094999,15.242256,860000
2001-11-19,19.025000,19.535000,19.000000,19.510000,15.573524,648400
2001-11-20,19.475000,19.475000,19.184999,19.254999,15.369970,745200
2001-11-21,18.750000,18.834999,18.325001,18.665001,14.899017,1813400
2001-11-23,18.700001,19.049999,18.695000,18.990000,15.158443,548200
2001-11-26,18.950001,19.150000,18.850000,18.885000,15.074623,2072600
2001-11-27,18.825001,19.135000,18.650000,18.834999,15.034711,766200
2001-11-28,18.900000,18.915001,18.469999,18.540001,14.799235,748200
2001-11-29,18.545000,18.575001,18.250000,18.495001,14.763311,423000
2001-11-30,18.450001,18.820000,18.450001,18.700001,14.926956,761400
2001-12-03,18.250000,18.495001,18.004999,18.165001,14.499896,922800
2001-12-04,18.174999,18.674999,18.080000,18.600000,14.847128,2372000
2001-12-05,18.600000,19.000000,18.600000,18.959999,15.134491,1182200
2001-12-06,18.959999,19.070000,18.850000,19.000000,15.166424,635400
2001-12-07,18.850000,19.000000,18.715000,18.725000,14.946903,997200
2001-12-10,18.825001,18.850000,18.450001,18.535000,14.795235,505400
2001-12-11,18.530001,19.049999,18.500000,18.930000,15.110547,1098000
2001-12-12,18.805000,18.945000,18.750000,18.785000,14.994803,744000
2001-12-13,18.725000,18.825001,18.440001,18.450001,14.727397,681800
2001-12-14,18.350000,18.500000,18.020000,18.275000,14.641262,1083000
2001-12-17,18.400000,18.665001,18.299999,18.575001,14.881617,631800
2001-12-18,18.575001,19.209999,18.575001,19.200001,15.382340,489600
2001-12-19,19.135000,19.600000,18.924999,19.440001,15.574626,1098000
2001-12-20,19.440001,19.875000,19.370001,19.555000,15.666759,721600
2001-12-21,19.850000,19.850000,19.490000,19.610001,15.710828,997000
2001-12-24,19.650000,20.075001,19.650000,19.905001,15.947162,560800
2001-12-26,19.780001,20.094999,19.695000,19.825001,15.883065,607200
2001-12-27,20.010000,20.125000,19.745001,19.820000,15.879069,586000
2001-12-28,19.865000,20.150000,19.809999,20.075001,16.083368,558000
2001-12-31,20.000000,20.525000,20.000000,20.125000,16.123417,863600
2002-01-02,20.000000,20.080000,19.650000,20.065001,16.075348,924800
2002-01-03,19.950001,20.360001,19.924999,20.260000,16.231583,994600
2002-01-04,20.139999,20.680000,20.135000,20.545000,16.459913,696800
2002-01-07,20.450001,20.615000,20.434999,20.495001,16.419853,878400
2002-01-08,20.350000,20.379999,20.075001,20.200001,16.183512,973600
2002-01-09,20.299999,20.575001,20.299999,20.420000,16.359762,1592600
2002-01-10,20.475000,20.475000,19.900000,20.000000,16.023273,1279800
2002-01-11,19.625000,20.150000,19.600000,20.120001,16.119417,1734000
2002-01-14,20.075001,20.299999,20.000000,20.120001,16.119417,1009800
2002-01-15,20.049999,20.250000,19.950001,20.100000,16.103390,1650200
2002-01-16,19.924999,20.000000,19.629999,19.670000,15.758894,781800
2002-01-17,19.625000,19.980000,19.430000,19.924999,15.963186,793600
2002-01-18,19.924999,20.495001,19.900000,20.125000,16.123417,1204400
2002-01-22,20.325001,20.424999,20.205000,20.270000,16.239597,646600
2002-01-23,20.270000,20.540001,20.270000,20.504999,16.427856,713000
2002-01-24,20.400000,20.600000,20.365000,20.525000,16.443880,952800
2002-01-25,20.530001,20.995001,20.424999,20.965000,16.796394,1338600
2002-01-28,20.850000,21.000000,20.700001,20.889999,16.736313,801000
2002-01-29,20.764999,20.889999,20.575001,20.799999,16.664215,798400
2002-01-30,20.725000,21.250000,20.600000,21.235001,17.012714,866000
2002-01-31,21.025000,21.410000,21.010000,21.395000,17.140900,1044200
2002-02-01,21.490000,21.725000,21.450001,21.555000,17.269073,897400
2002-02-04,21.555000,21.625000,21.325001,21.350000,17.104843,756800
2002-02-05,21.299999,21.525000,20.825001,21.004999,16.828447,852400
2002-02-06,20.924999,21.075001,20.820000,20.834999,16.692244,981400
2002-02-07,20.950001,20.950001,20.610001,20.844999,16.700253,741200
2002-02-08,21.125000,21.325001,20.875000,21.325001,17.084812,443000
2002-02-11,21.500000,21.985001,21.475000,21.790001,17.457355,1270800
2002-02-12,21.674999,21.725000,21.275000,21.514999,17.237040,519200
2002-02-13,21.400000,21.590000,21.150000,21.480000,17.209002,885600
2002-02-14,21.200001,21.445000,21.139999,21.375000,17.124874,867800
2002-02-15,21.400000,22.200001,21.400000,22.184999,17.773815,1109400
2002-02-19,22.125000,22.420000,21.924999,21.975000,17.605577,1263800
2002-02-20,22.000000,22.160000,21.955000,22.160000,17.753777,792400
2002-02-21,22.075001,22.450001,22.035000,22.375000,17.926046,1244800
2002-02-22,22.275000,22.549999,22.184999,22.450001,17.986122,925400
2002-02-25,22.490000,22.830000,22.254999,22.545000,18.062239,1507200
2002-02-26,22.575001,23.350000,22.575001,23.035000,18.454807,1676600
2002-02-27,23.049999,23.490000,23.010000,23.235001,18.615047,828000
2002-02-28,23.200001,23.495001,23.075001,23.415001,18.759249,991600
2002-03-01,23.415001,23.575001,22.600000,23.250000,18.627056,1333600
2002-03-04,23.254999,23.655001,23.150000,23.475000,18.807322,1101400
2002-03-05,23.080000,23.184999,22.799999,22.815001,18.278553,1208600
2002-03-06,22.900000,23.365000,22.879999,23.330000,18.691158,1417000
2002-03-07,23.400000,23.650000,23.350000,23.525000,18.847385,903600
2002-03-08,23.500000,23.875000,23.500000,23.620001,18.923485,605000
2002-03-11,23.924999,23.940001,23.565001,23.600000,18.907463,654200
2002-03-12,23.475000,23.705000,23.295000,23.655001,18.951523,436600
2002-03-13,23.500000,23.520000,23.145000,23.320000,18.683136,605400
2002-03-14,23.250000,23.299999,23.145000,23.250000,18.627056,828800
2002-03-15,23.150000,23.295000,23.100000,23.260000,18.689331,1272200
2002-03-18,23.260000,23.440001,23.100000,23.270000,18.697359,684200
2002-03-19,23.150000,23.525000,23.100000,23.450001,18.841991,887600
2002-03-20,23.424999,23.780001,23.309999,23.520000,18.898233,629000
2002-03-21,23.475000,23.500000,23.100000,23.334999,18.749588,539400
2002-03-22,23.424999,23.495001,23.270000,23.275000,18.701385,725800
2002-03-25,23.299999,23.299999,23.084999,23.135000,18.588894,470800
2002-03-26,22.875000,23.115000,22.350000,22.725000,18.259457,1632800
2002-03-27,22.730000,23.084999,22.684999,23.004999,18.484428,645000
2002-03-28,22.975000,23.000000,22.825001,22.860001,18.367935,459200
2002-04-01,22.750000,22.750000,22.254999,22.650000,18.199194,444000
2002-04-02,22.700001,22.725000,22.475000,22.495001,18.074656,921200
2002-04-03,22.500000,22.520000,22.025000,22.070000,17.733168,661200
2002-04-04,21.775000,21.775000,21.625000,21.700001,17.435879,1222400
2002-04-05,21.725000,22.020000,21.584999,21.639999,17.387659,943600
2002-04-08,21.639999,21.750000,21.360001,21.719999,17.451946,627200
2002-04-09,22.200001,22.209999,21.775000,22.004999,17.680941,684400
2002-04-10,22.250000,22.645000,22.170000,22.639999,18.191156,726800
2002-04-11,22.625000,22.740000,22.584999,22.600000,18.159018,656000
2002-04-12,22.610001,22.620001,22.285000,22.495001,18.074656,520800
2002-04-15,22.525000,22.584999,22.170000,22.245001,17.873775,408800
2002-04-16,22.299999,22.610001,22.299999,22.510000,18.086704,398800
2002-04-17,22.549999,22.594999,22.160000,22.174999,17.817535,325400
2002-04-18,22.200001,22.250000,21.770000,21.950001,17.636742,414800
2002-04-19,22.075001,22.105000,21.885000,22.014999,17.688971,334400
2002-04-22,22.075001,22.094999,21.625000,21.645000,17.391685,326200
2002-04-23,21.650000,21.650000,21.250000,21.305000,17.118486,609600
2002-04-24,21.325001,21.805000,21.260000,21.549999,17.315353,983800
2002-04-25,21.549999,21.799999,21.424999,21.705000,17.439884,992200
2002-04-26,21.750000,22.025000,21.725000,21.764999,17.488100,395600
2002-04-29,21.799999,21.799999,21.424999,21.504999,17.279188,451000
2002-04-30,21.549999,22.020000,21.455000,21.955000,17.640760,650400
2002-05-01,22.000000,22.250000,21.680000,22.129999,17.781378,610000
2002-05-02,22.049999,22.690001,22.045000,22.570000,18.134916,658400
2002-05-03,22.600000,22.844999,22.549999,22.680000,18.223297,969000
2002-05-06,22.650000,22.725000,22.440001,22.500000,18.078665,732800
2002-05-07,22.200001,22.760000,22.200001,22.635000,18.187140,788400
2002-05-08,22.900000,22.924999,22.700001,22.844999,18.355885,616400
2002-05-09,22.825001,23.075001,22.809999,22.860001,18.367935,654000
2002-05-10,22.750000,22.754999,22.549999,22.584999,18.146957,453600
2002-05-13,22.674999,22.754999,22.415001,22.754999,18.283564,469000
2002-05-14,22.875000,22.969999,22.754999,22.930000,18.424171,726200
2002-05-15,22.825001,23.684999,22.825001,23.330000,18.745581,1078800
2002-05-16,23.424999,23.680000,23.405001,23.559999,18.930365,975200
2002-05-17,23.559999,23.719999,23.385000,23.650000,19.002687,371000
2002-05-20,23.625000,23.625000,23.270000,23.445000,18.837980,458400
2002-05-21,23.549999,23.700001,23.260000,23.405001,18.805836,478800
2002-05-22,23.424999,23.500000,23.270000,23.350000,18.761642,644000
2002-05-23,23.275000,23.820000,23.264999,23.775000,19.103132,1105200
2002-05-24,23.825001,23.995001,23.650000,23.670000,19.018761,677000
2002-05-28,23.670000,23.680000,23.400000,23.475000,18.862083,558400
2002-05-29,23.549999,23.850000,23.510000,23.525000,18.902260,1214200
2002-05-30,23.525000,23.625000,23.165001,23.165001,18.612993,1110600
2002-05-31,23.275000,23.924999,23.260000,23.840000,19.155361,712400
2002-06-03,23.799999,23.995001,23.260000,23.260000,18.689331,763200
2002-06-04,23.200001,23.230000,22.924999,23.195000,18.637102,1024000
2002-06-05,23.219999,23.320000,23.094999,23.295000,18.717451,1248400
2002-06-06,23.299999,23.299999,23.040001,23.125000,18.580854,622800
2002-06-07,23.100000,23.174999,22.879999,23.000000,18.480419,719800
2002-06-10,23.100000,23.200001,23.025000,23.110001,18.568811,909400
2002-06-11,23.235001,23.250000,22.750000,22.855000,18.363916,1064800
2002-06-12,22.875000,22.955000,22.750000,22.915001,18.412123,1020600
2002-06-13,22.915001,22.924999,22.600000,22.620001,18.175100,621400
2002-06-14,22.424999,22.900000,21.875000,22.514999,18.144865,911800
2002-06-17,22.639999,23.219999,22.620001,23.219999,18.713037,599000
2002-06-18,23.150000,23.200001,22.795000,22.875000,18.434994,814800
2002-06-19,22.875000,23.150000,22.825001,22.955000,18.499474,1126200
2002-06-20,22.850000,23.344999,22.850000,23.049999,18.576023,530000
2002-06-21,22.775000,23.195000,22.674999,22.705000,18.297995,865000
2002-06-24,22.725000,23.049999,22.549999,22.770000,18.350384,765200
2002-06-25,22.844999,23.280001,22.635000,22.635000,18.241577,769000
2002-06-26,22.510000,23.000000,22.125000,22.695000,18.289930,993200
2002-06-27,22.820000,22.969999,22.575001,22.915001,18.467222,847600
2002-06-28,22.799999,23.500000,22.799999,23.115000,18.628412,752800
2002-07-01,23.049999,23.125000,22.635000,22.745001,18.330227,813200
2002-07-02,22.620001,22.719999,21.570000,21.750000,17.528358,1223400
2002-07-03,21.700001,21.745001,20.825001,21.549999,17.367178,1235200
2002-07-05,21.555000,22.400000,21.549999,22.275000,17.951450,511600
2002-07-08,22.275000,22.500000,21.940001,21.969999,17.705648,654600
2002-07-09,21.969999,21.975000,21.540001,21.540001,17.359116,1026200
2002-07-10,21.174999,21.250000,20.700001,20.725000,16.702312,880600
2002-07-11,20.375000,20.825001,19.875000,20.135000,16.226828,1268000
2002-07-12,20.135000,20.355000,19.975000,20.115000,16.210703,928200
2002-07-15,20.165001,20.174999,18.910000,20.040001,16.150259,1451600
2002-07-16,19.924999,19.980000,19.200001,19.405001,15.638512,1094400
2002-07-17,19.525000,19.995001,19.500000,19.790001,15.948792,1186400
2002-07-18,19.790001,20.120001,19.174999,19.225000,15.493456,986600
2002-07-19,19.100000,19.225000,18.520000,18.610001,14.997823,1317800
2002-07-22,18.549999,19.370001,18.264999,18.365000,14.800378,1518400
2002-07-23,18.490000,19.400000,18.459999,18.530001,14.933350,969000
2002-07-24,18.530001,21.090000,18.530001,20.875000,16.823187,2518800
2002-07-25,20.500000,21.750000,20.485001,21.705000,17.492088,1994600
2002-07-26,22.000000,22.020000,20.889999,21.245001,17.121368,1753000
2002-07-29,21.254999,22.625000,21.254999,22.549999,18.173079,1415800
2002-07-30,22.549999,22.955000,22.250000,22.549999,18.173079,2083200
2002-07-31,22.450001,23.350000,22.450001,22.975000,18.515579,2003400
2002-08-01,23.110001,23.424999,22.549999,23.004999,18.539757,1589800
2002-08-02,22.924999,22.930000,22.035000,22.235001,17.919218,2025000
2002-08-05,22.235001,22.655001,22.120001,22.360001,18.019960,2272200
2002-08-06,22.525000,23.190001,22.525000,22.930000,18.479319,1865200
2002-08-07,23.375000,23.780001,23.004999,23.719999,19.115973,1609200
2002-08-08,23.000000,23.799999,22.889999,23.795000,19.176422,2737400
2002-08-09,23.725000,24.000000,23.514999,23.805000,19.184477,1636000
2002-08-12,23.680000,24.115000,23.379999,23.879999,19.244928,1492800
2002-08-13,23.879999,24.375000,23.500000,23.504999,18.942709,2035800
2002-08-14,23.325001,23.850000,22.705000,23.815001,19.192541,2219000
2002-08-15,23.799999,24.125000,23.450001,23.900000,19.261044,1978200
2002-08-16,23.889999,24.200001,23.605000,23.934999,19.289257,1031400
2002-08-19,23.934999,24.510000,23.875000,24.365000,19.635786,1121000
2002-08-20,24.125000,24.225000,23.875000,23.959999,19.309389,1178800
2002-08-21,23.975000,24.000000,23.200001,23.420000,18.874205,1769600
2002-08-22,23.490000,23.594999,23.075001,23.469999,18.914507,1642000
2002-08-23,23.400000,23.440001,22.600000,22.790001,18.366501,1691400
2002-08-26,22.915001,22.915001,22.145000,22.754999,18.338282,1630600
2002-08-27,22.799999,22.900000,22.615000,22.760000,18.342316,924600
2002-08-28,22.750000,22.754999,22.250000,22.400000,18.052198,935000
2002-08-29,22.275000,22.834999,22.250000,22.415001,18.064278,1744600
2002-08-30,22.415001,23.365000,22.379999,22.520000,18.148895,702800
2002-09-03,22.400000,22.400000,21.625000,21.655001,17.451794,1028000
2002-09-04,21.700001,22.090000,21.605000,22.045000,17.766100,974000
2002-09-05,22.045000,22.045000,21.584999,21.615000,17.419556,1012000
2002-09-06,21.865000,22.305000,21.760000,22.100000,17.810417,712600
2002-09-09,21.875000,22.120001,21.559999,21.990000,17.721769,1123600
2002-09-10,22.150000,23.000000,21.959999,22.950001,18.495443,1516200
2002-09-11,23.400000,23.400000,22.905001,22.955000,18.499474,937200
2002-09-12,22.750000,22.750000,22.125000,22.129999,17.834597,775800
2002-09-13,21.674999,21.850000,21.450001,21.825001,17.642605,898400
2002-09-16,21.830000,22.000000,21.600000,21.905001,17.707291,910000
2002-09-17,22.030001,22.155001,21.375000,21.389999,17.290968,608000
2002-09-18,21.125000,21.580000,21.100000,21.490000,17.371790,1108400
2002-09-19,21.350000,21.400000,20.865000,20.865000,16.866575,662400
2002-09-20,20.850000,21.195000,20.850000,21.080000,17.040379,1061600
2002-09-23,21.025000,21.025000,20.450001,20.719999,16.749367,888400
2002-09-24,20.475000,20.575001,20.000000,20.360001,16.458349,1202600
2002-09-25,20.500000,21.160000,20.260000,21.065001,17.028254,1176800
2002-09-26,21.150000,21.730000,21.135000,21.610001,17.468801,1019400
2002-09-27,21.575001,21.834999,20.965000,20.995001,16.971661,734400
2002-09-30,20.995001,21.065001,20.500000,20.865000,16.866575,1038400
2002-10-01,20.900000,21.805000,20.705000,21.805000,17.626442,1189400
2002-10-02,21.549999,21.600000,20.825001,20.875000,16.874657,1285400
2002-10-03,21.250000,21.590000,21.125000,21.405001,17.303095,1424600
2002-10-04,21.530001,21.700001,21.094999,21.514999,17.392010,1513400
2002-10-07,21.514999,21.620001,21.090000,21.230000,17.161631,1149400
2002-10-08,21.325001,22.250000,20.905001,21.855000,17.666859,1298600
2002-10-09,21.775000,21.799999,21.254999,21.450001,17.339466,1154400
2002-10-10,21.375000,22.299999,21.365000,22.299999,18.026583,1364400
2002-10-11,22.514999,23.315001,22.420000,23.110001,18.681366,832000
2002-10-14,23.049999,23.150000,22.889999,23.075001,18.653072,925400
2002-10-15,23.375000,23.840000,23.285000,23.480000,18.980455,1717000
2002-10-16,23.350000,23.420000,22.504999,22.504999,18.192299,1189800
2002-10-17,23.075001,23.745001,23.070000,23.565001,19.049164,1170000
2002-10-18,23.600000,23.620001,22.750000,22.959999,18.560102,1426600
2002-10-21,22.959999,24.014999,22.684999,23.959999,19.368465,993200
2002-10-22,23.965000,23.965000,22.865000,23.010000,18.600525,2301600
2002-10-23,23.100000,23.625000,23.100000,23.375000,18.895578,1687200
2002-10-24,23.500000,23.690001,23.180000,23.299999,18.834955,2778400
2002-10-25,23.325001,24.245001,23.325001,24.219999,19.578648,1591600
2002-10-28,24.250000,24.915001,23.975000,24.455000,19.768604,1993000
2002-10-29,24.350000,24.500000,23.730000,24.075001,19.461437,1474000
2002-10-30,24.200001,24.395000,23.870001,24.125000,19.501848,1344800
2002-10-31,24.275000,24.495001,23.959999,24.125000,19.501848,1052400
2002-11-01,23.950001,24.250000,23.820000,24.190001,19.554398,1179200
2002-11-04,24.299999,24.375000,23.610001,23.620001,19.093632,954600
2002-11-05,23.615000,24.440001,23.615000,24.290001,19.635241,1002200
2002-11-06,24.350000,24.840000,24.200001,24.775000,20.027288,865200
2002-11-07,24.780001,24.780001,24.225000,24.385000,19.712032,715000
2002-11-08,24.385000,24.750000,24.195000,24.230000,19.586729,878200
2002-11-11,24.245001,24.469999,23.770000,23.770000,19.214882,606400
2002-11-12,23.775000,24.315001,23.725000,23.889999,19.311884,723200
2002-11-13,23.895000,24.350000,23.650000,24.110001,19.489727,664400
2002-11-14,24.235001,24.825001,24.235001,24.799999,20.047499,956800
2002-11-15,24.799999,25.115000,24.629999,24.895000,20.124302,1050000
2002-11-18,24.975000,24.990000,24.375000,24.485001,19.792870,528800
2002-11-19,24.490000,24.625000,24.334999,24.440001,19.756491,743800
2002-11-20,24.495001,24.750000,24.100000,24.650000,19.926250,888800
2002-11-21,24.750000,24.930000,24.665001,24.905001,20.132380,1225600
2002-11-22,24.725000,25.200001,24.690001,24.990000,20.201090,1060400
2002-11-25,25.049999,25.174999,24.700001,25.075001,20.269800,762800
2002-11-26,24.650000,24.684999,24.125000,24.480000,19.788816,1099200
2002-11-27,24.424999,24.875000,24.230000,24.674999,19.946455,1822600
2002-11-29,24.680000,24.950001,24.620001,24.834999,20.075800,326400
2002-12-02,24.975000,24.990000,24.235001,24.389999,19.716072,1477200
2002-12-03,24.389999,24.575001,24.165001,24.215000,19.574606,855200
2002-12-04,24.215000,24.535000,23.745001,24.299999,19.643316,1707200
2002-12-05,24.344999,24.600000,24.080000,24.389999,19.716072,1080400
2002-12-06,24.225000,24.750000,24.225000,24.645000,19.922205,1013200
2002-12-09,24.625000,24.850000,24.309999,24.455000,19.768604,1398800
2002-12-10,24.410000,24.555000,24.150000,24.545000,19.841366,637600
2002-12-11,24.500000,24.530001,24.200001,24.430000,19.748413,776800
2002-12-12,24.450001,24.469999,23.969999,24.035000,19.429108,778000
2002-12-13,23.910000,23.950001,23.660000,23.745001,19.194681,1028200
2002-12-16,23.924999,24.190001,23.850000,24.190001,19.554398,1397800
2002-12-17,24.190001,24.190001,23.900000,23.910000,19.328058,663000
2002-12-18,23.875000,23.900000,23.610001,23.709999,19.166378,736400
2002-12-19,23.715000,23.850000,23.430000,23.485001,19.042728,505400
2002-12-20,23.610001,24.600000,23.610001,24.500000,19.865744,1701400
2002-12-23,24.450001,24.900000,24.340000,24.830000,20.133320,1227000
2002-12-24,24.625000,24.955000,24.600000,24.834999,20.137377,628600
2002-12-26,25.000000,25.115000,24.745001,24.820000,20.125208,719200
2002-12-27,24.750000,24.844999,24.469999,24.504999,19.869783,819800
2002-12-30,24.510000,24.959999,24.385000,24.850000,20.149534,1077000
2002-12-31,24.875000,24.955000,24.625000,24.750000,20.068451,936000
2003-01-02,24.750000,25.125000,24.650000,25.025000,20.291431,1686000
2003-01-03,25.045000,25.125000,24.865000,24.950001,20.230606,843600
2003-01-06,25.000000,25.485001,25.000000,25.445000,20.631985,1177000
2003-01-07,25.445000,25.775000,25.389999,25.690001,20.830645,1642600
2003-01-08,25.690001,25.900000,25.424999,25.459999,20.644146,1358800
2003-01-09,25.459999,25.799999,25.400000,25.750000,20.879293,1007000
2003-01-10,25.625000,25.750000,25.379999,25.580000,20.741453,1037600
2003-01-13,25.500000,25.650000,25.334999,25.410000,20.603605,710200
2003-01-14,25.415001,25.469999,25.215000,25.405001,20.599558,1146800
2003-01-15,25.450001,25.450001,25.000000,25.055000,20.315750,1067000
2003-01-16,25.150000,25.270000,24.815001,24.924999,20.210348,1205800
2003-01-17,24.920000,24.980000,24.695000,24.750000,20.068451,619200
2003-01-21,24.775000,24.790001,24.355000,24.375000,19.764381,884200
2003-01-22,24.350000,24.514999,24.035000,24.035000,19.488701,1087600
2003-01-23,24.025000,24.875000,24.025000,24.805000,20.113045,1211200
2003-01-24,24.830000,24.840000,24.285000,24.285000,19.691406,1180200
2003-01-27,24.290001,24.290001,23.500000,23.680000,19.200834,1446600
2003-01-28,23.680000,24.125000,23.680000,24.120001,19.557617,1010800
2003-01-29,24.100000,24.315001,23.600000,24.150000,19.581938,870600
2003-01-30,24.225000,24.290001,23.950001,24.035000,19.488701,1086600
2003-01-31,23.910000,24.750000,23.910000,24.650000,19.987368,1015800
2003-02-03,24.684999,24.850000,24.540001,24.674999,20.007637,629000
2003-02-04,24.500000,24.500000,24.250000,24.450001,19.825203,567600
2003-02-05,24.500000,24.965000,24.299999,24.340000,19.736000,1259000
2003-02-06,24.275000,24.375000,24.000000,24.120001,19.557617,762400
2003-02-07,24.245001,24.325001,24.070000,24.075001,19.521128,525600
2003-02-10,24.075001,24.320000,23.875000,24.200001,19.622478,644200
2003-02-11,24.325001,24.375000,23.830000,23.910000,19.387339,1142400
2003-02-12,23.850000,24.049999,23.625000,23.674999,19.196791,684600
2003-02-13,23.775000,23.840000,23.075001,23.480000,19.038670,1348800
2003-02-14,23.500000,23.775000,23.209999,23.700001,19.217066,902200
2003-02-18,23.750000,24.549999,23.750000,24.549999,19.906273,1535600
2003-02-19,24.525000,24.545000,24.120001,24.389999,19.776545,1007600
2003-02-20,24.424999,24.434999,24.075001,24.075001,19.521128,1113800
2003-02-21,24.075001,24.605000,23.940001,24.475000,19.845465,976200
2003-02-24,24.480000,24.480000,24.150000,24.150000,19.581938,689800
2003-02-25,24.049999,24.080000,23.590000,24.049999,19.500853,875400
2003-02-26,24.059999,24.350000,24.055000,24.084999,19.529230,530200
2003-02-27,24.090000,24.415001,24.090000,24.330000,19.727892,799000
2003-02-28,24.355000,24.580000,24.264999,24.525000,19.886007,904200
2003-03-03,24.650000,24.795000,24.309999,24.389999,19.776545,763800
2003-03-04,24.400000,24.410000,23.780001,23.790001,19.290039,596000
2003-03-05,23.775000,24.025000,23.620001,24.020000,19.476536,791800
2003-03-06,23.950001,23.995001,23.514999,23.565001,19.107592,1039400
2003-03-07,23.400000,24.049999,23.355000,23.965000,19.431932,1017000
2003-03-10,23.965000,23.965000,23.514999,23.514999,19.067049,790400
2003-03-11,23.504999,23.709999,23.330000,23.490000,19.046780,1146200
2003-03-12,23.490000,23.549999,23.150000,23.360001,18.941374,787400
2003-03-13,23.360001,24.270000,23.360001,24.270000,19.679241,1491200
2003-03-14,24.275000,24.450001,24.225000,24.360001,19.811403,914600
2003-03-17,24.365000,24.940001,24.184999,24.924999,20.270906,1268800
2003-03-18,24.924999,25.275000,24.870001,25.275000,20.555548,1251400
2003-03-19,25.275000,25.350000,24.980000,25.334999,20.604340,1234200
2003-03-20,25.275000,25.395000,24.855000,25.320000,20.592150,1263400
2003-03-21,25.365000,25.995001,25.340000,25.855000,21.027248,1936600
2003-03-24,25.855000,25.855000,24.900000,25.125000,20.433550,1317400
2003-03-25,25.250000,25.605000,25.155001,25.344999,20.612473,1005800
2003-03-26,25.275000,25.375000,25.010000,25.150000,20.453886,851200
2003-03-27,25.125000,25.200001,24.770000,25.004999,20.335962,531800
2003-03-28,24.900000,25.290001,24.790001,25.250000,20.535219,1177600
2003-03-31,25.254999,25.254999,24.424999,24.665001,20.059456,1763000
2003-04-01,24.670000,24.735001,24.209999,24.725000,20.108244,2175000
2003-04-02,24.905001,25.344999,24.879999,25.145000,20.449820,1425000
2003-04-03,25.205000,25.235001,24.930000,25.055000,20.376621,1053200
2003-04-04,25.150000,25.379999,25.110001,25.260000,20.543348,1783600
2003-04-07,25.625000,25.900000,25.525000,25.680000,20.884924,2369200
2003-04-08,25.690001,25.745001,25.469999,25.600000,20.819859,1463800
2003-04-09,25.600000,25.700001,25.090000,25.170000,20.470161,2090400
2003-04-10,25.170000,25.170000,24.555000,24.684999,20.075703,2961000
2003-04-11,24.850000,25.020000,24.525000,24.655001,20.051306,1564600
2003-04-14,24.725000,25.125000,24.650000,25.125000,20.433550,1007600
2003-04-15,25.225000,25.525000,24.865000,25.525000,20.758865,1547600
2003-04-16,25.500000,25.610001,25.014999,25.049999,20.372566,1134600
2003-04-17,25.025000,25.445000,25.020000,25.395000,20.653137,961000
2003-04-21,25.370001,25.600000,25.150000,25.295000,20.571821,902800
2003-04-22,25.100000,26.004999,24.865000,26.000000,21.145174,1996200
2003-04-23,26.000000,26.375000,25.799999,26.004999,21.149244,1361800
2003-04-24,26.004999,26.004999,25.740000,25.875000,21.043516,1000400
2003-04-25,25.815001,25.820000,25.205000,25.385000,20.645004,1150800
2003-04-28,25.445000,25.775000,25.424999,25.745001,20.937786,1279000
2003-04-29,25.750000,25.870001,25.430000,25.670000,20.876789,944600
2003-04-30,25.670000,25.674999,25.430000,25.545000,20.775131,1536800
2003-05-01,25.545000,25.545000,25.030001,25.260000,20.543348,1472400
2003-05-02,25.285000,25.334999,24.860001,25.275000,20.555548,2331800
2003-05-05,25.350000,25.350000,24.975000,25.065001,20.384756,1800000
2003-05-06,25.049999,25.135000,24.885000,25.059999,20.380695,1417800
2003-05-07,25.000000,25.059999,24.844999,24.870001,20.226170,878400
2003-05-08,24.700001,24.795000,24.495001,24.620001,20.022850,858000
2003-05-09,24.775000,25.000000,24.665001,24.905001,20.254633,981000
2003-05-12,24.950001,25.320000,24.785000,25.170000,20.470161,1298400
2003-05-13,25.174999,25.174999,24.975000,25.065001,20.384756,2221600
2003-05-14,25.100000,25.125000,24.985001,25.110001,20.421360,1645800
2003-05-15,25.115000,25.504999,25.115000,25.370001,20.632809,1744000
2003-05-16,25.280001,25.330000,25.075001,25.120001,20.429487,1645600
2003-05-19,25.070000,25.150000,24.969999,25.030001,20.356297,1156000
2003-05-20,25.075001,25.129999,24.885000,25.040001,20.364429,1197800
2003-05-21,25.030001,25.250000,24.950001,25.184999,20.482351,1438000
2003-05-22,25.174999,25.570000,25.155001,25.445000,20.693806,1341800
2003-05-23,25.445000,25.799999,25.434999,25.650000,20.860531,1636000
2003-05-27,25.650000,26.165001,25.549999,26.100000,21.226492,1406200
2003-05-28,26.100000,26.360001,26.075001,26.075001,21.206165,1659200
2003-05-29,26.075001,26.389999,26.055000,26.155001,21.271233,1946400
2003-05-30,26.424999,26.959999,26.400000,26.875000,21.856787,3149800
2003-06-02,27.000000,27.725000,26.950001,27.330000,22.226826,1848600
2003-06-03,27.325001,27.490000,27.200001,27.365000,22.255293,1203000
2003-06-04,27.254999,27.915001,27.225000,27.915001,22.702593,1087000
2003-06-05,27.334999,27.825001,27.334999,27.620001,22.462687,1617200
2003-06-06,27.625000,27.844999,27.209999,27.254999,22.165833,1530800
2003-06-09,27.400000,27.620001,26.500000,26.719999,21.730738,1674100
2003-06-10,26.650000,27.000000,26.650000,26.830000,21.820198,894900
2003-06-11,26.809999,26.969999,26.620001,26.820000,21.812057,947500
2003-06-12,27.000000,27.230000,26.700001,27.000000,21.958447,883300
2003-06-13,27.100000,27.299999,26.450001,26.600000,21.691782,970900
2003-06-16,26.600000,27.230000,26.510000,27.100000,22.099524,876100
2003-06-17,27.100000,27.170000,26.580000,27.000000,22.017982,1453400
2003-06-18,27.049999,27.150000,26.750000,26.860001,21.903807,772500
2003-06-19,26.920000,27.290001,26.520000,26.650000,21.732565,1091200
2003-06-20,26.770000,27.100000,26.520000,26.540001,21.642857,1203600
2003-06-23,26.520000,26.530001,25.930000,26.000000,21.202492,890000
2003-06-24,26.070000,26.370001,26.059999,26.270000,21.422672,1077500
2003-06-25,26.299999,26.520000,26.020000,26.030001,21.226965,781900
2003-06-26,25.969999,26.400000,25.510000,26.240000,21.398218,996500
2003-06-27,26.280001,26.280001,25.870001,25.959999,21.169876,504300
2003-06-30,25.980000,26.139999,25.600000,25.600000,20.876301,2312000
2003-07-01,25.549999,25.900000,24.900000,25.410000,20.721359,1545200
2003-07-02,25.510000,25.760000,25.420000,25.709999,20.966011,1149900
2003-07-03,25.709999,25.750000,25.450001,25.580000,20.859995,1221500
2003-07-07,25.700001,26.309999,25.650000,25.750000,20.998621,918600
2003-07-08,25.700001,25.990000,25.510000,25.950001,21.161722,1605200
2003-07-09,25.750000,25.910000,25.260000,25.610001,20.884464,1140600
2003-07-10,25.549999,25.600000,24.980000,25.120001,20.484877,1430700
2003-07-11,25.100000,25.299999,24.900000,24.950001,20.346235,1352700
2003-07-14,25.000000,25.070000,24.900000,24.980000,20.370712,1559800
2003-07-15,25.129999,25.150000,24.700001,24.809999,20.232077,1357500
2003-07-16,24.850000,24.930000,24.440001,24.490000,19.971115,1060500
2003-07-17,24.100000,24.389999,23.780001,24.000000,19.571527,1831100
2003-07-18,24.350000,24.430000,24.059999,24.280001,19.799873,1093600
2003-07-21,24.400000,24.610001,24.270000,24.500000,19.979286,1121000
2003-07-22,24.450001,24.490000,24.070000,24.379999,19.881414,1529700
2003-07-23,24.500000,24.610001,24.070000,24.530001,20.003748,1718200
2003-07-24,24.530001,25.400000,24.500000,24.690001,20.134220,2067200
2003-07-25,24.700001,25.139999,24.650000,25.059999,20.435946,730200
2003-07-28,25.059999,25.170000,24.860001,24.900000,20.305471,973500
2003-07-29,24.920000,24.920000,24.430000,24.500000,19.979286,988400
2003-07-30,24.510000,24.559999,24.170000,24.410000,19.905886,728300
2003-07-31,24.660000,25.240000,24.610001,24.709999,20.150526,889200
2003-08-01,24.719999,24.719999,24.260000,24.600000,20.060825,656500
2003-08-04,24.500000,25.000000,24.400000,24.930000,20.329933,1087200
2003-08-05,24.850000,25.070000,24.629999,24.719999,20.158676,1055500
2003-08-06,25.400000,25.430000,24.920000,24.990000,20.378857,1523200
2003-08-07,24.969999,25.490000,24.809999,25.240000,20.582724,1115000
2003-08-08,25.219999,25.510000,25.020000,25.020000,20.403324,1345500
2003-08-11,24.950001,25.020000,24.590000,24.790001,20.215759,863700
2003-08-12,24.709999,25.090000,24.600000,25.080000,20.452261,1499900
2003-08-13,25.129999,25.389999,25.129999,25.240000,20.582724,791400
2003-08-14,25.190001,25.790001,25.190001,25.719999,20.974159,930500
2003-08-15,25.709999,25.750000,25.250000,25.639999,20.908924,466900
2003-08-18,25.600000,26.160000,25.600000,26.000000,21.202492,1194600
2003-08-19,25.900000,26.139999,25.799999,26.080000,21.267733,555800
2003-08-20,26.040001,26.400000,26.040001,26.150000,21.324818,664000
2003-08-21,26.150000,26.420000,26.090000,26.350000,21.487915,703500
2003-08-22,26.309999,26.400000,25.879999,26.000000,21.202492,777700
2003-08-25,26.049999,26.049999,25.799999,25.870001,21.096491,433000
2003-08-26,25.650000,26.000000,25.400000,25.959999,21.169876,564500
2003-08-27,25.850000,26.000000,25.850000,25.889999,21.112793,847600
2003-08-28,25.850000,25.910000,25.480000,25.889999,21.112793,1168400
2003-08-29,25.770000,25.830000,25.540001,25.790001,21.031258,628400
2003-09-02,25.830000,26.379999,25.799999,26.330000,21.471613,760300
2003-09-03,26.330000,26.500000,26.200001,26.430000,21.553156,581900
2003-09-04,26.299999,26.299999,25.920000,26.170000,21.341133,612200
2003-09-05,26.170000,26.170000,25.900000,26.070000,21.259573,666100
2003-09-08,26.100000,26.459999,25.990000,26.299999,21.447126,379700
2003-09-09,26.250000,26.350000,25.900000,26.000000,21.202492,525800
2003-09-10,26.010000,26.180000,25.840000,26.049999,21.243277,999000
2003-09-11,26.070000,26.190001,26.000000,26.100000,21.284040,775500
2003-09-12,25.990000,26.160000,25.940001,26.100000,21.343740,735900
2003-09-15,26.080000,26.350000,26.000000,26.080000,21.327381,620600
2003-09-16,26.020000,26.410000,26.020000,26.410000,21.597252,670300
2003-09-17,26.410000,26.430000,25.910000,26.000000,21.261971,494200
2003-09-18,26.100000,26.480000,25.969999,26.480000,21.654486,564700
2003-09-19,26.480000,26.799999,26.420000,26.799999,21.916189,1077400
2003-09-22,26.750000,26.750000,25.980000,26.049999,21.302856,1348700
2003-09-23,26.500000,26.500000,25.990000,26.320000,21.523657,1304700
2003-09-24,26.200001,26.240000,25.100000,25.549999,20.893969,1287300
2003-09-25,25.530001,25.590000,25.080000,25.360001,20.738590,936700
2003-09-26,25.440001,25.700001,25.360001,25.580000,20.918503,662300
2003-09-29,25.580000,25.799999,25.410000,25.610001,20.943043,646800
2003-09-30,25.500000,25.510000,25.010000,25.250000,20.648642,874000
2003-10-01,25.250000,25.680000,25.150000,25.680000,21.000282,659500
2003-10-02,25.680000,25.799999,25.490000,25.740000,21.049339,500700
2003-10-03,26.040001,26.389999,26.000000,26.129999,21.368280,673600
2003-10-06,26.040001,26.309999,26.020000,26.200001,21.425510,381200
2003-10-07,26.080000,26.360001,25.980000,26.360001,21.556366,451600
2003-10-08,27.219999,27.250000,26.540001,26.670000,21.809868,1111000
2003-10-09,26.900000,27.000000,26.500000,26.709999,21.842581,818600
2003-10-10,26.830000,26.940001,26.600000,26.840000,21.948887,476600
2003-10-13,26.969999,27.350000,26.959999,27.240000,22.275997,510000
2003-10-14,27.280001,27.600000,27.150000,27.469999,22.464079,806500
2003-10-15,27.600000,27.799999,27.559999,27.740000,22.684877,817100
2003-10-16,27.660000,27.780001,27.469999,27.639999,22.603104,672000
2003-10-17,27.639999,27.639999,26.969999,26.969999,22.055193,858300
2003-10-20,27.200001,27.520000,26.969999,27.500000,22.488619,693600
2003-10-21,27.700001,27.700001,26.440001,26.620001,21.768991,1891900
2003-10-22,26.400000,26.629999,26.209999,26.299999,21.507292,1113100
2003-10-23,26.100000,26.350000,26.049999,26.320000,21.523657,972300
2003-10-24,26.180000,26.450001,26.070000,26.370001,21.564543,890700
2003-10-27,26.520000,27.000000,26.500000,26.650000,21.793520,642300
2003-10-28,26.799999,26.969999,26.549999,26.969999,22.055193,747200
2003-10-29,26.950001,27.280001,26.639999,27.150000,22.202396,674500
2003-10-30,27.219999,27.420000,27.059999,27.370001,22.382307,627300
2003-10-31,27.280001,27.309999,26.830000,26.889999,21.989788,802400
2003-11-03,26.799999,27.150000,26.780001,27.049999,22.120621,781900
2003-11-04,27.049999,27.410000,26.910000,27.350000,22.365948,754700
2003-11-05,27.250000,27.290001,26.879999,27.129999,22.186039,473100
2003-11-06,27.160000,27.200001,26.540001,26.950001,22.038845,842300
2003-11-07,27.100000,27.240000,26.950001,27.129999,22.186039,479500
2003-11-10,27.000000,27.100000,26.540001,26.719999,21.850763,444400
2003-11-11,26.580000,26.580000,26.350000,26.530001,21.695385,386100
2003-11-12,26.280001,26.350000,26.100000,26.270000,21.482759,871900
2003-11-13,26.100000,26.549999,26.080000,26.549999,21.711737,785400
2003-11-14,26.350000,26.440001,26.020000,26.139999,21.376461,638500
2003-11-17,26.080000,26.090000,25.370001,25.760000,21.065697,914500
2003-11-18,25.910000,25.950001,25.299999,25.410000,20.779482,662200
2003-11-19,25.500000,25.879999,25.379999,25.879999,21.163832,860800
2003-11-20,25.629999,25.760000,25.309999,25.400000,20.771303,753800
2003-11-21,25.500000,25.590000,25.320000,25.500000,20.853073,530800
2003-11-24,25.469999,25.860001,25.299999,25.370001,20.746775,1267800
2003-11-25,25.500000,25.900000,25.370001,25.799999,21.098406,1084800
2003-11-26,25.799999,26.290001,25.750000,26.270000,21.482759,1251100
2003-11-28,26.020000,26.389999,26.020000,26.219999,21.441872,349200
2003-12-01,26.370001,27.170000,26.360001,27.160000,22.210577,995900
2003-12-02,27.049999,27.160000,26.940001,27.030001,22.104261,904100
2003-12-03,27.070000,27.530001,27.049999,27.330000,22.349594,962800
2003-12-04,27.330000,27.799999,27.250000,27.799999,22.733948,734000
2003-12-05,27.650000,27.670000,27.080000,27.219999,22.259642,586600
2003-12-08,27.100000,27.690001,27.100000,27.680000,22.635817,752200
2003-12-09,27.799999,27.830000,27.400000,27.430000,22.431377,721100
2003-12-10,27.299999,27.450001,27.129999,27.250000,22.284174,483100
2003-12-11,27.200001,27.610001,27.170000,27.610001,22.578568,518300
2003-12-12,27.680000,27.889999,27.320000,27.840000,22.766659,486400
2003-12-15,27.840000,27.840000,27.070000,27.270000,22.300537,1492300
2003-12-16,27.250000,27.389999,27.030001,27.389999,22.398661,729900
2003-12-17,27.139999,27.290001,26.830000,26.830000,21.940718,1293800
2003-12-18,26.850000,27.200001,26.770000,27.160000,22.210577,1124600
2003-12-19,27.180000,27.309999,26.639999,26.840000,22.013729,924900
2003-12-22,26.940001,27.670000,26.930000,27.400000,22.473034,847400
2003-12-23,27.299999,27.570000,27.260000,27.350000,22.432024,586400
2003-12-24,27.250000,27.440001,26.799999,26.959999,22.112150,633400
2003-12-26,26.959999,27.430000,26.959999,27.240000,22.341799,240300
2003-12-29,27.250000,27.400000,27.110001,27.330000,22.415621,622300
2003-12-30,27.350000,27.400000,27.090000,27.299999,22.391014,605800
2003-12-31,27.299999,27.420000,27.150000,27.370001,22.448429,931900
2004-01-02,27.309999,27.549999,26.889999,27.040001,22.177774,804600
2004-01-05,27.180000,27.580000,27.180000,27.540001,22.587864,755300
2004-01-06,27.490000,27.500000,26.920000,27.190001,22.300789,749000
2004-01-07,27.240000,27.250000,26.770000,27.209999,22.317202,919500
2004-01-08,27.309999,27.500000,26.870001,27.160000,22.276188,711000
2004-01-09,27.139999,27.200001,26.809999,26.820000,21.997326,705100
2004-01-12,26.879999,27.290001,26.860001,27.160000,22.276188,628500
2004-01-13,27.170000,27.209999,26.700001,26.900000,22.062946,782700
2004-01-14,26.950001,27.209999,26.930000,27.000000,22.144968,978900
2004-01-15,26.969999,26.969999,26.219999,26.670000,21.874300,941000
2004-01-16,26.680000,27.170000,26.620001,27.110001,22.235176,803900
2004-01-20,27.040001,27.250000,27.040001,27.120001,22.243380,880600
2004-01-21,27.040001,27.150000,26.590000,26.850000,22.021936,1614200
2004-01-22,26.850000,27.040001,26.549999,26.750000,21.939922,741200
2004-01-23,26.770000,26.990000,26.540001,26.540001,21.767683,750100
2004-01-26,26.600000,26.940001,26.590000,26.750000,21.939922,1067000
2004-01-27,26.750000,26.780001,26.360001,26.520000,21.751268,1022100
2004-01-28,26.559999,26.820000,26.219999,26.219999,21.505220,899400
2004-01-29,26.360001,26.719999,26.120001,26.690001,21.890705,1030400
2004-01-30,26.670000,27.370001,26.670000,27.170000,22.284388,1742700
2004-02-02,27.170000,27.270000,26.850000,27.000000,22.144968,808400
2004-02-03,26.870001,27.129999,26.799999,26.920000,22.079350,1521800
2004-02-04,26.980000,26.980000,26.660000,26.709999,21.907106,652100
2004-02-05,26.610001,27.250000,26.600000,27.049999,22.185966,860400
2004-02-06,27.299999,27.629999,26.670000,27.590000,22.628874,894300
2004-02-09,27.400000,27.549999,27.160000,27.379999,22.456633,685600
2004-02-10,27.350000,28.150000,27.260000,27.889999,22.874924,921700
2004-02-11,27.750000,28.030001,27.250000,27.940001,22.915943,1299100
2004-02-12,27.889999,27.900000,27.150000,27.330000,22.415621,1023600
2004-02-13,27.350000,27.770000,27.200001,27.340000,22.423822,861600
2004-02-17,27.420000,27.719999,27.379999,27.440001,22.505838,557500
2004-02-18,27.540001,27.580000,27.049999,27.320000,22.407419,540000
2004-02-19,27.500000,28.170000,27.440001,27.750000,22.760103,883100
2004-02-20,27.760000,27.870001,27.290001,27.500000,22.555048,763400
2004-02-23,27.510000,27.680000,27.299999,27.350000,22.432024,830300
2004-02-24,27.340000,27.639999,27.059999,27.320000,22.407419,1095800
2004-02-25,27.270000,27.270000,26.820000,27.000000,22.144968,1422900
2004-02-26,27.020000,27.170000,26.830000,27.150000,22.267984,739900
2004-02-27,27.150000,27.639999,27.000000,27.309999,22.399214,618400
2004-03-01,27.320000,27.900000,27.320000,27.830000,22.825716,755800
2004-03-02,27.830000,27.959999,27.490000,27.490000,22.546843,1147400
2004-03-03,27.430000,27.510000,26.959999,27.180000,22.292587,886300
2004-03-04,27.080000,27.340000,27.070000,27.299999,22.391014,620200
2004-03-05,27.299999,27.700001,27.200001,27.680000,22.702690,2099600
2004-03-08,27.680000,27.910000,27.500000,27.610001,22.645269,1109400
2004-03-09,27.610001,28.299999,27.610001,28.040001,22.997953,1647200
2004-03-10,28.059999,28.540001,28.000000,28.129999,23.071764,2002700
2004-03-11,27.950001,28.200001,27.690001,27.760000,22.768303,1323100
2004-03-12,27.680000,28.000000,27.440001,27.809999,22.875233,796200
2004-03-15,27.750000,27.750000,27.180000,27.299999,22.455727,754200
2004-03-16,27.299999,27.670000,27.209999,27.500000,22.620237,621800
2004-03-17,27.480000,27.940001,27.420000,27.840000,22.899912,693900
2004-03-18,27.700001,27.709999,27.180000,27.580000,22.686049,630200
2004-03-19,27.430000,27.639999,27.260000,27.260000,22.422823,500600
2004-03-22,27.270000,27.379999,26.639999,27.040001,22.241867,608200
2004-03-23,27.240000,27.299999,26.680000,26.900000,22.126711,767200
2004-03-24,26.940001,27.059999,26.590000,26.770000,22.019768,618200
2004-03-25,26.780001,27.780001,26.700001,27.650000,22.743628,674600
2004-03-26,27.600000,27.639999,27.299999,27.480000,22.603788,413600
2004-03-29,27.580000,28.280001,27.520000,28.049999,23.072639,850000
2004-03-30,27.940001,28.420000,27.889999,28.360001,23.327641,679800
2004-03-31,28.299999,28.610001,27.860001,28.530001,23.467476,715200
2004-04-01,28.400000,28.900000,28.290001,28.490000,23.434566,2054700
2004-04-02,28.549999,28.920000,28.480000,28.500000,23.442799,1479700
2004-04-05,28.530001,28.570000,28.389999,28.500000,23.442799,751900
2004-04-06,28.510000,28.530001,28.360001,28.500000,23.442799,545900
2004-04-07,28.500000,28.530001,28.230000,28.360001,23.327641,554200
2004-04-08,28.450001,28.540001,28.230000,28.400000,23.360537,663200
2004-04-12,28.450001,28.650000,28.450001,28.620001,23.541504,643400
2004-04-13,28.629999,28.629999,28.440001,28.480000,23.426348,1023900
2004-04-14,28.360001,28.680000,28.309999,28.420000,23.376999,1016100
2004-04-15,28.510000,28.610001,28.440001,28.500000,23.442799,1173400
2004-04-16,28.540001,28.540001,28.309999,28.490000,23.434566,602200
2004-04-19,28.490000,28.500000,28.240000,28.480000,23.426348,399400
2004-04-20,28.500000,28.549999,28.049999,28.049999,23.072639,508600
2004-04-21,28.200001,28.430000,27.950001,28.350000,23.319412,586600
2004-04-22,28.500000,29.200001,28.450001,29.170000,23.993902,1409300
2004-04-23,29.170000,29.350000,28.930000,29.290001,24.092619,627300
2004-04-26,29.290001,29.290001,28.930000,29.040001,23.886972,1003800
2004-04-27,29.290001,29.850000,29.160000,29.840000,24.545021,1249400
2004-04-28,29.809999,29.840000,29.120001,29.309999,24.109060,1110900
2004-04-29,29.290001,29.790001,29.059999,29.240000,24.051491,916900
2004-04-30,29.400000,30.170000,29.299999,29.799999,24.512112,1534500
2004-05-03,29.920000,30.030001,29.549999,29.709999,24.438087,831500
2004-05-04,29.690001,30.000000,29.389999,29.700001,24.429865,694000
2004-05-05,29.629999,29.690001,29.420000,29.530001,24.290022,624200
2004-05-06,29.330000,29.620001,29.280001,29.559999,24.314701,636300
2004-05-07,29.410000,29.549999,29.030001,29.110001,23.944557,1024200
2004-05-10,28.910000,29.049999,28.590000,28.860001,23.738916,733500
2004-05-11,28.250000,29.059999,28.250000,28.740000,23.640207,891900
2004-05-12,28.490000,28.559999,28.020000,28.469999,23.418119,990600
2004-05-13,28.450001,28.950001,28.440001,28.860001,23.738916,680400
2004-05-14,28.760000,29.150000,28.610001,28.990000,23.845848,685300
2004-05-17,28.600000,28.740000,28.260000,28.389999,23.352320,749700
2004-05-18,28.350000,28.809999,28.350000,28.719999,23.623755,628000
2004-05-19,28.969999,29.030001,28.309999,28.360001,23.327641,813200
2004-05-20,28.299999,29.190001,28.280001,29.180000,24.002134,1023600
2004-05-21,29.230000,29.480000,28.940001,29.150000,23.977455,691300
2004-05-24,29.160000,29.580000,29.160000,29.420000,24.199549,510200
2004-05-25,29.280001,30.400000,29.110001,30.340000,24.956291,1343200
2004-05-26,30.240000,30.480000,30.100000,30.389999,24.997427,902400
2004-05-27,30.480000,31.020000,30.480000,30.809999,25.342892,816200
2004-05-28,30.719999,30.719999,30.309999,30.510000,25.096127,439900
2004-06-01,30.520000,30.820000,30.389999,30.629999,25.194834,663200
2004-06-02,30.549999,30.830000,30.240000,30.780001,25.318213,710500
2004-06-03,30.570000,30.750000,30.260000,30.260000,24.890490,430300
2004-06-04,30.400000,30.850000,30.360001,30.719999,25.268864,472900
2004-06-07,30.700001,31.120001,30.459999,31.090000,25.573206,531100
2004-06-08,30.969999,31.389999,30.889999,31.389999,25.819975,472300
2004-06-09,31.379999,31.480000,31.170000,31.250000,25.704817,452500
2004-06-10,31.350000,31.469999,31.250000,31.379999,25.811754,625400
2004-06-14,31.150000,31.150000,30.650000,30.799999,25.399416,365300
2004-06-15,30.950001,31.209999,30.820000,31.150000,25.688053,608000
2004-06-16,31.150000,31.150000,30.750000,30.959999,25.531361,479300
2004-06-17,30.980000,31.010000,30.299999,30.400000,25.069559,833400
2004-06-18,30.200001,30.620001,30.080000,30.410000,25.077803,861500
2004-06-21,30.450001,30.540001,30.190001,30.270000,24.962349,622600
2004-06-22,30.270000,30.820000,30.070000,30.620001,25.250988,631300
2004-06-23,30.450001,30.920000,30.309999,30.879999,25.465397,467900
2004-06-24,30.500000,30.990000,30.469999,30.920000,25.498384,574900
2004-06-25,30.920000,31.120001,30.700001,30.889999,25.473637,521000
2004-06-28,31.250000,31.440001,30.969999,31.150000,25.688053,524500
2004-06-29,31.150000,31.600000,31.150000,31.600000,26.059143,425500
2004-06-30,31.600000,31.770000,31.260000,31.700001,26.141615,746000
2004-07-01,31.049999,31.280001,30.270000,30.700001,25.316954,886500
2004-07-02,30.700001,30.700001,30.309999,30.660000,25.283972,494600
2004-07-06,30.660000,30.870001,30.490000,30.650000,25.275721,718300
2004-07-07,30.639999,31.070000,30.580000,31.070000,25.622084,729800
2004-07-08,31.070000,31.129999,30.709999,31.000000,25.564352,735000
2004-07-09,31.000000,31.100000,30.610001,30.799999,25.399416,658700
2004-07-12,30.900000,31.340000,30.549999,31.309999,25.819994,585100
2004-07-13,31.299999,31.410000,31.219999,31.299999,25.811752,525100
2004-07-14,31.150000,31.430000,30.959999,31.219999,25.745771,859700
2004-07-15,31.430000,31.620001,31.129999,31.200001,25.729298,676300
2004-07-16,31.450001,31.580000,31.170000,31.299999,25.811752,525800
2004-07-19,31.400000,31.500000,31.160000,31.250000,25.770510,414500
2004-07-20,31.170000,31.400000,31.040001,31.290001,25.803507,871100
2004-07-21,31.420000,31.490000,31.240000,31.309999,25.819994,671600
2004-07-22,31.250000,31.270000,30.770000,30.879999,25.465397,908000
2004-07-23,30.680000,30.690001,30.020000,30.350000,25.028332,632000
2004-07-26,30.350000,30.740000,30.170000,30.309999,24.995340,1039000
2004-07-27,30.360001,30.660000,30.190001,30.580000,25.217995,779400
2004-07-28,30.590000,30.610001,30.000000,30.430000,25.094309,701300
2004-07-29,30.530001,30.900000,30.379999,30.700001,25.316954,487900
2004-07-30,30.549999,30.730000,30.420000,30.500000,25.152027,360800
2004-08-02,30.510000,30.750000,30.150000,30.700001,25.316954,451300
2004-08-03,30.709999,30.709999,30.190001,30.450001,25.110788,599800
2004-08-04,30.450001,30.719999,30.110001,30.520000,25.168518,478400
2004-08-05,30.530001,30.540001,29.629999,29.740000,24.525284,711400
2004-08-06,29.500000,29.600000,29.040001,29.370001,24.220169,731600
2004-08-09,29.379999,29.820000,29.330000,29.490000,24.319122,489700
2004-08-10,29.490000,30.110001,29.320000,30.049999,24.780924,775900
2004-08-11,29.750000,30.400000,29.559999,30.209999,24.912870,503300
2004-08-12,30.030001,30.080000,29.500000,30.000000,24.739697,725100
2004-08-13,29.920000,29.990000,29.639999,29.889999,24.648989,508500
2004-08-16,29.780001,30.500000,29.780001,30.400000,25.069559,505000
2004-08-17,30.320000,30.420000,29.969999,30.160000,24.871637,498600
2004-08-18,30.139999,30.290001,29.900000,30.290001,24.978848,634000
2004-08-19,30.070000,30.070000,29.750000,30.000000,24.739697,600900
2004-08-20,30.000000,30.260000,29.870001,30.170000,24.879890,629700
2004-08-23,30.180000,30.190001,29.740000,29.780001,24.558275,552500
2004-08-24,30.020000,30.020000,29.400000,29.620001,24.426329,1232800
2004-08-25,29.620001,30.440001,29.530001,30.280001,24.970610,586300
2004-08-26,30.330000,30.389999,30.100000,30.110001,24.830410,469100
2004-08-27,30.209999,30.230000,29.809999,30.020000,24.756195,418700
2004-08-30,30.070000,30.110001,29.760000,29.770000,24.550032,390100
2004-08-31,29.850000,30.110001,29.760000,29.920000,24.673729,468600
2004-09-01,29.790001,30.209999,29.790001,30.020000,24.756195,659900
2004-09-02,30.080000,30.490000,30.049999,30.469999,25.127283,496600
2004-09-03,30.469999,30.760000,30.360001,30.650000,25.275721,558800
2004-09-07,30.889999,30.980000,30.660000,30.860001,25.448910,795900
2004-09-08,30.730000,30.850000,30.410000,30.459999,25.119040,444600
2004-09-09,30.500000,30.790001,30.500000,30.709999,25.325209,510100
2004-09-10,30.570000,30.750000,30.240000,30.670000,25.292210,432600
2004-09-13,30.620001,30.780001,30.469999,30.670000,25.292210,537400
2004-09-14,30.600000,30.680000,30.290001,30.610001,25.242743,742000
2004-09-15,30.610001,30.830000,30.469999,30.719999,25.333441,484000
2004-09-16,30.629999,30.969999,30.620001,30.820000,25.415915,635300
2004-09-17,30.969999,31.540001,30.910000,31.290001,25.870657,980900
2004-09-20,31.150000,31.379999,31.000000,31.080000,25.697035,724400
2004-09-21,31.129999,31.400000,31.000000,31.299999,25.878922,532100
2004-09-22,31.120001,31.400000,30.910000,31.200001,25.796251,711600
2004-09-23,31.080000,31.200001,30.610001,30.750000,25.424189,864300
2004-09-24,30.650000,31.200001,30.650000,31.170000,25.771442,1100300
2004-09-27,31.100000,31.150000,30.840000,30.930000,25.573009,729400
2004-09-28,31.000000,31.459999,31.000000,31.430000,25.986412,584000
2004-09-29,31.299999,31.350000,31.020000,31.190001,25.787968,858300
2004-09-30,31.330000,31.799999,31.330000,31.440001,25.994678,1339500
2004-10-01,31.469999,31.750000,31.320000,31.750000,26.250986,856600
2004-10-04,31.799999,32.150002,31.680000,31.870001,26.350203,777900
2004-10-05,32.080002,32.360001,31.870001,32.270000,26.680925,1225700
2004-10-06,32.400002,32.820000,32.310001,32.820000,27.135662,772700
2004-10-07,33.750000,34.200001,32.700001,32.790001,27.110870,2154700
2004-10-08,32.439999,32.820000,32.330002,32.509998,26.879358,754700
2004-10-11,32.480000,32.930000,32.480000,32.610001,26.962038,348100
2004-10-12,32.599998,32.700001,32.400002,32.509998,26.879358,814600
2004-10-13,32.759998,32.900002,32.000000,32.230000,26.647850,661400
2004-10-14,32.290001,32.470001,32.150002,32.209999,26.631311,367800
2004-10-15,32.400002,32.700001,32.110001,32.500000,26.871090,516700
2004-10-18,32.500000,33.110001,32.299999,33.040001,27.317560,716500
2004-10-19,32.930000,33.189999,32.110001,32.130001,26.565174,598100
2004-10-20,32.230000,32.560001,31.900000,32.430000,26.813211,665200
2004-10-21,32.430000,32.500000,31.980000,32.250000,26.664392,1079600
2004-10-22,32.259998,32.549999,31.950001,32.020000,26.474228,530200
2004-10-25,32.040001,32.410000,32.000000,32.270000,26.680925,738500
2004-10-26,32.230000,33.000000,32.049999,33.000000,27.284494,709800
2004-10-27,33.000000,33.790001,32.750000,33.700001,27.863245,978700
2004-10-28,33.700001,33.700001,33.240002,33.400002,27.615206,988800
2004-10-29,33.330002,33.950001,33.330002,33.849998,27.987272,558400
2004-11-01,33.849998,33.849998,33.270000,33.459999,27.664822,1003700
2004-11-02,33.500000,34.419998,33.500000,33.930000,28.053411,1004500
2004-11-03,34.180000,34.450001,33.820000,34.040001,28.144375,663000
2004-11-04,34.130001,35.020000,33.959999,34.900002,28.855410,580900
2004-11-05,34.950001,35.099998,34.500000,35.070000,28.995977,824800
2004-11-08,35.000000,35.299999,34.849998,35.009998,28.946358,944800
2004-11-09,35.110001,35.279999,34.750000,34.959999,28.905031,885300
2004-11-10,35.230000,35.270000,34.590000,34.590000,28.599115,1047500
2004-11-11,34.799999,35.340000,34.580002,35.099998,29.020773,944300
2004-11-12,35.099998,35.099998,34.200001,34.950001,28.896755,772100
2004-11-15,34.799999,34.990002,34.650002,34.900002,28.855410,515600
2004-11-16,34.900002,35.259998,34.889999,34.990002,28.929831,601100
2004-11-17,34.990002,35.590000,34.759998,34.849998,28.814083,895700
2004-11-18,34.660000,35.230000,34.660000,35.130001,29.045578,591200
2004-11-19,34.919998,34.930000,34.160000,34.250000,28.317993,911400
2004-11-22,34.400002,34.639999,34.200001,34.639999,28.640448,667600
2004-11-23,34.529999,35.009998,34.439999,34.910000,28.863688,491800
2004-11-24,34.869999,35.180000,34.869999,35.060001,28.987709,310000
2004-11-26,35.060001,35.200001,35.009998,35.029999,28.962902,154600
2004-11-29,35.000000,35.009998,34.570000,34.779999,28.756191,497000
2004-11-30,34.689999,35.099998,34.599998,34.980000,28.921560,556600
2004-12-01,34.970001,35.259998,34.799999,35.259998,29.153070,546300
2004-12-02,35.099998,35.320000,34.900002,35.200001,29.103458,542400
2004-12-03,35.209999,35.480000,34.689999,35.169998,29.078646,650900
2004-12-06,35.020000,35.299999,34.840000,35.080002,29.004236,416000
2004-12-07,34.980000,35.049999,34.400002,34.400002,28.442024,609200
2004-12-08,34.410000,34.900002,34.410000,34.799999,28.772734,644600
2004-12-09,34.650002,34.980000,34.020000,34.860001,28.822346,455000
2004-12-10,34.529999,35.080002,34.500000,34.889999,28.847149,711800
2004-12-13,34.900002,35.110001,34.820000,34.959999,28.905031,405600
2004-12-14,34.889999,35.200001,34.619999,34.900002,28.855410,755400
2004-12-15,34.700001,34.849998,34.599998,34.790001,28.764467,846400
2004-12-16,34.650002,34.740002,34.400002,34.650002,28.648710,595700
2004-12-17,34.299999,34.689999,34.270000,34.320000,28.448118,1052600
2004-12-20,34.549999,34.790001,34.349998,34.560001,28.647058,681300
2004-12-21,34.599998,34.750000,34.490002,34.630001,28.705078,691200
2004-12-22,34.730000,35.160000,34.610001,34.660000,28.729939,713200
2004-12-23,34.669998,35.029999,34.509998,34.939999,28.962051,384400
2004-12-27,35.049999,35.180000,34.540001,34.580002,28.663639,491100
2004-12-28,34.650002,35.150002,34.639999,35.130001,29.119532,479600
2004-12-29,34.970001,35.110001,34.849998,35.000000,29.011778,399000
2004-12-30,35.130001,35.330002,35.020000,35.150002,29.136116,327200
2004-12-31,35.290001,35.410000,34.959999,35.130001,29.119532,450200
2005-01-03,35.000000,35.080002,34.520000,34.599998,28.680212,648400
2005-01-04,34.599998,34.650002,33.860001,34.160000,28.315487,883500
2005-01-05,34.200001,34.580002,33.820000,33.830002,28.041962,757500
2005-01-06,33.709999,34.250000,33.709999,33.930000,28.124840,498500
2005-01-07,33.910000,34.049999,33.619999,33.730000,27.959068,693800
2005-01-10,33.700001,34.279999,33.700001,34.029999,28.207741,570200
2005-01-11,33.990002,34.029999,33.570000,33.750000,27.975655,606100
2005-01-12,33.610001,33.820000,33.360001,33.660000,27.901028,828700
2005-01-13,33.700001,33.820000,33.150002,33.240002,27.552898,797700
2005-01-14,33.459999,33.730000,33.380001,33.660000,27.901028,753900
2005-01-18,33.430000,34.230000,33.419998,34.209999,28.356934,885000
2005-01-19,34.080002,34.430000,34.080002,34.259998,28.398376,561300
2005-01-20,34.150002,34.389999,34.000000,34.130001,28.290627,655900
2005-01-21,34.130001,34.270000,33.580002,33.700001,27.934195,1054600
2005-01-24,33.700001,33.860001,33.340000,33.410000,27.693821,632600
2005-01-25,33.650002,33.700001,33.380001,33.480000,27.751835,654700
2005-01-26,33.540001,33.689999,33.360001,33.630001,27.876177,912800
2005-01-27,33.599998,33.639999,33.400002,33.529999,27.793282,755400
2005-01-28,33.349998,33.700001,33.349998,33.549999,27.809858,632000
2005-01-31,33.779999,33.950001,33.580002,33.650002,27.892754,796400
2005-02-01,33.650002,33.990002,33.509998,33.919998,28.116560,859100
2005-02-02,33.750000,34.000000,33.599998,33.910000,28.108259,566100
2005-02-03,33.680000,33.770000,33.029999,33.299999,27.602636,1962600
2005-02-04,33.349998,33.639999,33.299999,33.570000,27.826439,787600
2005-02-07,33.570000,33.570000,32.000000,32.930000,27.295929,1644000
2005-02-08,32.990002,33.099998,32.619999,32.939999,27.304228,1054900
2005-02-09,32.810001,32.810001,32.160000,32.230000,26.715698,1182300
2005-02-10,32.299999,32.820000,32.169998,32.740002,27.138445,1182500
2005-02-11,32.750000,33.290001,32.450001,32.950001,27.312515,1003600
2005-02-14,32.919998,32.970001,32.790001,32.810001,27.196468,787400
2005-02-15,32.730000,32.810001,32.480000,32.580002,27.005829,955500
2005-02-16,32.580002,32.580002,32.090000,32.139999,26.641096,1225600
2005-02-17,32.139999,32.169998,31.629999,31.629999,26.218357,1578500
2005-02-18,31.680000,31.840000,31.590000,31.809999,26.367561,1336900
2005-02-22,31.799999,32.070000,31.389999,31.500000,26.110601,1414800
2005-02-23,31.490000,31.910000,31.480000,31.660000,26.243231,1298300
2005-02-24,31.639999,31.799999,31.410000,31.570000,26.168621,1075700
2005-02-25,31.400000,31.790001,31.370001,31.660000,26.243231,1110400
2005-02-28,31.530001,31.840000,31.200001,31.709999,26.284668,1230700
2005-03-01,31.910000,32.090000,31.620001,31.879999,26.425581,1278700
2005-03-02,31.879999,32.029999,31.510000,31.879999,26.425581,971700
2005-03-03,32.099998,32.250000,31.910000,32.130001,26.632809,1171300
2005-03-04,33.200001,33.250000,32.750000,33.090000,27.428560,1408100
2005-03-07,32.990002,33.150002,32.860001,32.889999,27.262777,840300
2005-03-08,32.950001,33.060001,32.570000,32.650002,27.063843,672300
2005-03-09,32.650002,32.869999,32.549999,32.570000,26.997526,692100
2005-03-10,32.580002,32.779999,32.450001,32.549999,26.980949,883300
2005-03-11,32.599998,32.750000,32.400002,32.419998,26.946037,745800
2005-03-14,32.520000,32.970001,32.400002,32.759998,27.228628,699700
2005-03-15,32.759998,32.820000,32.549999,32.549999,27.054090,735400
2005-03-16,32.400002,32.689999,32.240002,32.320000,26.862928,983300
2005-03-17,32.480000,32.790001,32.380001,32.689999,27.170456,1057600
2005-03-18,32.560001,32.619999,32.080002,32.380001,26.912796,3356000
2005-03-21,32.369999,32.549999,32.189999,32.430000,26.954353,733100
2005-03-22,32.430000,32.799999,32.349998,32.389999,26.921112,859400
2005-03-23,32.299999,32.490002,32.150002,32.450001,26.970978,906500
2005-03-24,32.450001,32.820000,32.430000,32.750000,27.220318,877600
2005-03-28,32.799999,32.919998,32.560001,32.560001,27.062403,689700
2005-03-29,32.450001,32.930000,32.290001,32.360001,26.896172,802400
2005-03-30,32.400002,32.799999,32.330002,32.709999,27.187078,590400
2005-03-31,32.740002,33.150002,32.680000,33.049999,27.469669,749800
2005-04-01,33.250000,33.369999,32.820000,32.900002,27.345005,867000
2005-04-04,32.779999,32.980000,32.599998,32.810001,27.270199,625900
2005-04-05,32.720001,32.970001,32.660000,32.900002,27.345005,425500
2005-04-06,32.959999,33.240002,32.930000,33.009998,27.436426,366000
2005-04-07,33.090000,33.209999,32.849998,33.150002,27.552794,499900
2005-04-08,32.950001,33.130001,32.919998,32.919998,27.361626,561600
2005-04-11,33.009998,33.549999,32.900002,33.389999,27.752258,719500
2005-04-12,33.470001,33.939999,32.959999,33.900002,28.176153,984900
2005-04-13,33.910000,34.230000,33.660000,34.200001,28.425489,2066800
2005-04-14,34.200001,34.200001,33.439999,33.639999,27.960056,1166600
2005-04-15,33.639999,33.849998,32.900002,32.919998,27.361626,1094300
2005-04-18,32.930000,33.200001,32.700001,33.180000,27.577721,755100
2005-04-19,33.130001,33.310001,32.799999,33.090000,27.502909,698300
2005-04-20,32.950001,33.220001,32.529999,32.610001,27.103971,754600
2005-04-21,32.900002,33.160000,32.410000,33.139999,27.544474,734000
2005-04-22,33.000000,33.080002,31.799999,32.250000,26.804749,849500
2005-04-25,32.049999,32.680000,32.000000,32.599998,27.095648,1149200
2005-04-26,32.580002,32.910000,32.470001,32.470001,26.987602,732800
2005-04-27,32.520000,32.650002,32.209999,32.389999,26.921112,604800
2005-04-28,32.270000,32.500000,31.809999,31.879999,26.497223,606800
2005-04-29,32.130001,32.709999,31.870001,32.709999,27.187078,908600
2005-05-02,32.709999,32.860001,32.490002,32.709999,27.187078,701200
2005-05-03,32.599998,32.919998,32.430000,32.560001,27.062403,773700
2005-05-04,32.660000,32.820000,32.470001,32.730000,27.203711,807800
2005-05-05,32.700001,32.700001,32.180000,32.540001,27.045780,581100
2005-05-06,32.540001,32.750000,32.389999,32.490002,27.004232,485800
2005-05-09,32.419998,32.619999,32.150002,32.590000,27.087343,441600
2005-05-10,32.299999,32.439999,32.000000,32.119999,26.696690,503800
2005-05-11,32.110001,32.439999,31.950001,32.369999,26.904490,531600
2005-05-12,32.330002,32.470001,31.570000,31.680000,26.330992,618200
2005-05-13,31.700001,31.709999,30.680000,31.280001,25.998522,1193000
2005-05-16,31.280001,32.070000,31.270000,32.049999,26.638519,693200
2005-05-17,31.900000,32.200001,31.740000,32.180000,26.746561,982100
2005-05-18,32.180000,33.119999,32.009998,32.959999,27.394865,980200
2005-05-19,32.959999,32.959999,32.650002,32.880001,27.328375,394100
2005-05-20,33.029999,33.029999,32.580002,32.810001,27.270199,403100
2005-05-23,32.900002,33.200001,32.590000,33.049999,27.469669,672200
2005-05-24,32.869999,32.869999,32.410000,32.740002,27.212009,587300
2005-05-25,32.580002,32.669998,32.099998,32.470001,26.987602,446000
2005-05-26,32.560001,32.709999,32.500000,32.580002,27.079035,490200
2005-05-27,32.619999,32.660000,32.410000,32.580002,27.079035,296500
2005-05-31,32.529999,32.599998,32.250000,32.330002,26.871235,724100
2005-06-01,32.330002,32.939999,32.230000,32.700001,27.178764,605000
2005-06-02,32.689999,32.910000,32.340000,32.889999,27.336678,578300
2005-06-03,32.799999,32.990002,32.560001,32.770000,27.236950,617800
2005-06-06,32.720001,32.950001,32.630001,32.790001,27.253571,503700
2005-06-07,32.759998,33.049999,32.520000,32.529999,27.037468,578200
2005-06-08,32.700001,32.770000,32.310001,32.490002,27.004232,302400
2005-06-09,32.320000,32.400002,32.040001,32.389999,26.921112,407400
2005-06-10,32.389999,32.709999,32.000000,32.419998,26.946037,389400
2005-06-13,32.320000,32.549999,32.060001,32.259998,26.813055,477500
2005-06-14,32.230000,32.439999,32.200001,32.430000,26.954353,307400
2005-06-15,32.500000,32.590000,32.099998,32.470001,26.987602,680300
2005-06-16,32.450001,32.790001,32.450001,32.669998,27.153833,342900
2005-06-17,32.990002,32.990002,32.160000,32.840000,27.368843,575100
2005-06-20,32.689999,32.720001,32.250000,32.570000,27.143833,380200
2005-06-21,32.580002,32.689999,31.980000,32.270000,26.893816,685600
2005-06-22,32.270000,32.540001,32.040001,32.270000,26.893816,611300
2005-06-23,32.279999,32.340000,31.420000,31.740000,26.452110,494700
2005-06-24,31.740000,31.980000,31.629999,31.750000,26.460445,845400
2005-06-27,31.750000,31.799999,31.530001,31.709999,26.427113,471000
2005-06-28,31.790001,32.130001,31.790001,32.110001,26.760464,437500
2005-06-29,32.110001,32.320000,31.980000,32.250000,26.877146,464400
2005-06-30,32.160000,32.380001,32.029999,32.360001,26.968817,817000
2005-07-01,32.490002,32.500000,32.009998,32.240002,26.868813,607300
2005-07-05,32.150002,32.160000,31.650000,32.000000,26.668789,546200
2005-07-06,31.840000,31.959999,31.530001,31.610001,26.343779,466500
2005-07-07,31.200001,31.740000,30.750000,31.690001,26.410442,575100
2005-07-08,31.700001,32.259998,31.559999,32.090000,26.743805,392600
2005-07-11,32.240002,32.529999,32.180000,32.230000,26.860477,610700
2005-07-12,32.090000,32.200001,31.780001,32.070000,26.727135,752900
2005-07-13,32.000000,32.189999,31.700001,31.760000,26.468773,650300
2005-07-14,32.150002,32.299999,31.940001,32.000000,26.668789,591200
2005-07-15,32.000000,32.099998,31.750000,31.930000,26.610451,496300
2005-07-18,31.770000,31.959999,31.600000,31.770000,26.477114,497800
2005-07-19,31.950001,32.000000,31.540001,31.700001,26.418774,548700
2005-07-20,31.709999,32.290001,31.610001,32.099998,26.752129,388200
2005-07-21,32.000000,32.119999,31.770000,31.790001,26.493778,456500
2005-07-22,31.790001,32.000000,31.610001,31.900000,26.585451,612100
2005-07-25,32.099998,34.029999,31.950001,33.570000,27.977238,2056900
2005-07-26,33.490002,33.730000,33.259998,33.500000,27.918892,1044100
2005-07-27,33.630001,33.959999,33.500000,33.610001,28.010565,1031100
2005-07-28,33.799999,34.139999,33.720001,33.830002,28.193916,837200
2005-07-29,33.860001,34.139999,33.570000,33.580002,27.985567,1211600
2005-08-01,33.630001,34.000000,33.490002,33.689999,28.077242,724100
2005-08-02,33.790001,34.080002,33.599998,33.790001,28.160574,665200
2005-08-03,33.759998,33.959999,33.669998,33.720001,28.102242,513800
2005-08-04,33.700001,33.820000,33.290001,33.299999,27.752211,793000
2005-08-05,33.200001,33.349998,32.900002,33.150002,27.627203,835100
2005-08-08,33.299999,33.509998,33.139999,33.320000,27.768892,580400
2005-08-09,33.419998,33.430000,32.980000,33.090000,27.577196,531400
2005-08-10,33.250000,33.790001,33.230000,33.389999,27.827221,690100
2005-08-11,33.599998,33.730000,33.230000,33.560001,27.968903,338200
2005-08-12,33.349998,33.410000,32.820000,33.000000,27.502193,451400
2005-08-15,32.950001,32.959999,32.560001,32.820000,27.352180,471000
2005-08-16,32.820000,32.919998,32.259998,32.259998,26.885473,410600
2005-08-17,32.250000,32.419998,32.130001,32.410000,27.010490,327800
2005-08-18,32.230000,32.330002,31.950001,31.990000,26.660456,377800
2005-08-19,32.230000,32.299999,31.950001,32.090000,26.743805,377900
2005-08-22,32.230000,32.560001,32.029999,32.119999,26.768801,406300
2005-08-23,32.169998,32.230000,31.760000,31.760000,26.468773,564600
2005-08-24,31.820000,32.299999,31.809999,31.920000,26.602125,671800
2005-08-25,32.099998,32.259998,32.020000,32.150002,26.793800,550700
2005-08-26,32.080002,32.130001,31.670000,31.750000,26.460445,478600
2005-08-29,31.650000,32.160000,31.540001,31.990000,26.660456,370800
2005-08-30,31.799999,32.150002,31.740000,32.099998,26.752129,738400
2005-08-31,32.200001,33.009998,32.099998,33.000000,27.502193,1221900
2005-09-01,32.970001,33.320000,32.869999,33.000000,27.502193,826600
2005-09-02,33.220001,33.259998,32.889999,33.119999,27.602200,569700
2005-09-06,33.549999,33.790001,33.349998,33.680000,28.068905,908200
2005-09-07,33.709999,33.860001,33.490002,33.619999,28.018900,1209400
2005-09-08,33.549999,33.549999,32.919998,33.009998,27.510530,838500
2005-09-09,33.000000,33.330002,32.880001,33.299999,27.752211,588600
2005-09-12,33.180000,33.310001,32.959999,33.119999,27.602200,582300
2005-09-13,33.090000,33.279999,32.840000,32.950001,27.460526,657600
2005-09-14,32.849998,32.970001,32.570000,32.570000,27.143833,532700
2005-09-15,32.689999,32.799999,32.549999,32.610001,27.177174,514400
2005-09-16,32.750000,33.240002,32.529999,32.599998,27.242350,3401200
2005-09-19,32.549999,32.549999,32.169998,32.230000,26.933161,811700
2005-09-20,32.360001,32.490002,31.850000,32.000000,26.740953,809400
2005-09-21,31.780001,31.840000,31.160000,31.250000,26.114218,725100
2005-09-22,31.260000,31.450001,30.900000,31.400000,26.239565,737200
2005-09-23,31.230000,31.850000,31.100000,31.590000,26.398336,486700
2005-09-26,31.840000,31.930000,31.480000,31.629999,26.431761,493800
2005-09-27,31.700001,31.840000,31.459999,31.680000,26.473549,857100
2005-09-28,31.910000,31.990000,31.650000,31.900000,26.657389,821500
2005-09-29,31.900000,32.230000,31.790001,32.029999,26.766018,789400
2005-09-30,32.009998,32.220001,31.879999,31.930000,26.682455,504800
2005-10-03,32.490002,32.790001,32.160000,32.439999,27.108644,1299800
2005-10-04,32.450001,32.689999,31.900000,31.910000,26.665743,872600
2005-10-05,31.910000,31.980000,31.270000,31.280001,26.139275,589900
2005-10-06,31.260000,31.620001,30.930000,31.059999,25.955437,885400
2005-10-07,31.120001,31.420000,31.120001,31.240000,26.105864,655500
2005-10-10,32.099998,32.150002,31.639999,31.840000,26.607248,852600
2005-10-11,31.840000,32.029999,31.540001,31.709999,26.498619,579400
2005-10-12,31.700001,32.080002,31.639999,31.700001,26.490253,738500
2005-10-13,31.559999,32.200001,31.510000,31.639999,26.440119,707600
2005-10-14,31.850000,31.950001,31.469999,31.790001,26.565468,455900
2005-10-17,31.719999,31.820000,31.540001,31.740000,26.523678,597300
2005-10-18,32.470001,32.709999,32.029999,32.320000,27.008366,1603200
2005-10-19,32.250000,32.639999,31.930000,32.570000,27.217278,1161900
2005-10-20,32.570000,32.570000,31.950001,32.119999,26.841228,1061600
2005-10-21,32.299999,32.650002,31.740000,32.650002,27.284134,2456100
2005-10-24,32.860001,33.070000,32.639999,33.049999,27.618389,830800
2005-10-25,33.099998,33.099998,32.400002,32.630001,27.267422,1172700
2005-10-26,32.689999,33.290001,32.490002,33.070000,27.635099,704300
2005-10-27,33.150002,33.240002,32.740002,32.759998,27.376043,460200
2005-10-28,32.830002,33.240002,32.830002,33.200001,27.743750,863200
2005-10-31,33.250000,33.299999,32.869999,33.080002,27.643461,924200
2005-11-01,33.000000,33.110001,32.750000,33.000000,27.576612,752800
2005-11-02,33.009998,33.250000,32.820000,32.980000,27.559902,1030600
2005-11-03,33.340000,33.439999,32.919998,33.029999,27.601679,897300
2005-11-04,33.099998,33.200001,32.590000,32.840000,27.442904,444600
2005-11-07,32.849998,33.000000,32.560001,32.759998,27.376043,593600
2005-11-08,32.790001,32.980000,32.509998,32.560001,27.208921,423600
2005-11-09,32.650002,32.910000,32.419998,32.430000,27.100286,548000
2005-11-10,32.549999,33.130001,32.459999,32.990002,27.568249,565000
2005-11-11,33.049999,33.299999,33.000000,33.250000,27.785517,395800
2005-11-14,33.200001,33.349998,33.060001,33.270000,27.802240,549700
2005-11-15,33.090000,33.340000,33.000000,33.119999,27.676888,817800
2005-11-16,33.160000,33.299999,33.049999,33.139999,27.693596,475300
2005-11-17,33.139999,33.599998,32.959999,33.599998,28.078005,810100
2005-11-18,33.849998,33.880001,33.150002,33.360001,27.877445,698200
2005-11-21,33.369999,33.549999,33.230000,33.520000,28.011148,341300
2005-11-22,33.410000,33.560001,33.029999,33.349998,27.869099,517200
2005-11-23,33.240002,33.340000,33.049999,33.130001,27.685246,401600
2005-11-25,33.290001,33.310001,33.110001,33.180000,27.727026,193800
2005-11-28,33.130001,33.410000,33.060001,33.200001,27.743750,365500
2005-11-29,33.299999,33.709999,33.259998,33.650002,28.119791,559700
2005-11-30,33.790001,33.889999,33.250000,33.270000,27.802240,583500
2005-12-01,33.459999,33.990002,33.360001,33.980000,28.395559,703500
2005-12-02,33.840000,33.959999,32.740002,33.840000,28.278563,278500
2005-12-05,33.700001,34.009998,33.500000,33.959999,28.378834,712800
2005-12-06,34.099998,34.439999,33.910000,33.980000,28.395559,710200
2005-12-07,33.880001,34.320000,33.830002,34.000000,28.412260,577100
2005-12-08,33.980000,34.240002,33.849998,34.090000,28.487473,483200
2005-12-09,33.279999,34.630001,33.279999,34.580002,28.896952,968400
2005-12-12,34.750000,34.950001,34.570000,34.910000,29.172714,1048100
2005-12-13,34.849998,35.410000,34.849998,35.270000,29.473543,1006500
2005-12-14,35.270000,35.880001,35.150002,35.750000,29.874659,1317600
2005-12-15,35.599998,35.630001,34.990002,35.320000,29.515335,990300
2005-12-16,35.369999,35.750000,35.099998,35.700001,29.917580,1361600
2005-12-19,35.099998,35.619999,35.099998,35.470001,29.724833,930300
2005-12-20,35.500000,35.770000,35.400002,35.520000,29.766748,563700
2005-12-21,35.619999,36.070000,35.619999,36.020000,30.185755,486200
2005-12-22,35.939999,36.060001,35.709999,35.840000,30.034912,645500
2005-12-23,35.840000,36.150002,35.759998,36.070000,30.227655,768900
2005-12-27,36.070000,36.459999,36.070000,36.439999,30.537724,888900
2005-12-28,36.799999,37.150002,36.639999,36.759998,30.805887,843800
2005-12-29,36.700001,36.869999,36.470001,36.610001,30.680191,492900
2005-12-30,36.540001,36.540001,36.259998,36.270000,30.395262,494400
2006-01-03,34.990002,35.720001,34.799999,35.700001,29.917580,1573300
2006-01-04,35.650002,35.660000,35.240002,35.369999,29.641037,1196500
2006-01-05,35.369999,35.730000,35.180000,35.669998,29.892448,935300
2006-01-06,35.919998,36.070000,35.369999,36.049999,30.210894,1041100
2006-01-09,36.009998,36.099998,35.480000,35.860001,30.051668,639500
2006-01-10,35.610001,35.689999,35.150002,35.560001,29.800270,463400
2006-01-11,35.560001,36.020000,35.470001,35.959999,30.135466,891600
2006-01-12,35.939999,35.950001,35.279999,35.340000,29.615896,442400
2006-01-13,35.380001,35.529999,35.150002,35.220001,29.515327,340100
2006-01-17,35.000000,35.340000,34.939999,35.259998,29.548853,396100
2006-01-18,35.200001,35.279999,34.799999,35.200001,29.498569,544700
2006-01-19,35.209999,35.470001,35.169998,35.419998,29.682936,613000
2006-01-20,35.419998,35.419998,35.009998,35.009998,29.339348,675900
2006-01-23,35.020000,35.639999,35.020000,35.480000,29.733213,513400
2006-01-24,35.599998,35.970001,35.439999,35.919998,30.101950,543900
2006-01-25,35.919998,36.200001,35.720001,35.790001,29.992998,872700
2006-01-26,35.900002,36.130001,35.740002,35.779999,29.984625,689000
2006-01-27,35.779999,36.180000,35.480000,35.709999,29.925961,515300
2006-01-30,35.720001,35.900002,35.549999,35.730000,29.942724,313100
2006-01-31,35.509998,36.000000,35.360001,35.810001,30.009764,461800
2006-02-01,34.910000,35.830002,34.860001,35.799999,30.001385,907900
2006-02-02,35.750000,35.919998,35.029999,35.110001,29.423155,843300
2006-02-03,35.049999,35.410000,34.650002,35.180000,29.481810,570500
2006-02-06,35.090000,35.400002,34.959999,35.299999,29.582373,417400
2006-02-07,35.380001,35.740002,34.860001,35.150002,29.456667,957800
2006-02-08,35.200001,35.200001,34.830002,35.009998,29.339348,531800
2006-02-09,34.849998,35.480000,34.840000,35.029999,29.356100,656900
2006-02-10,34.799999,35.799999,34.200001,34.599998,28.995743,1049700
2006-02-13,34.380001,34.380001,33.639999,33.849998,28.367226,882000
2006-02-14,33.799999,35.000000,33.790001,34.880001,29.230402,883500
2006-02-15,34.970001,35.150002,34.680000,35.049999,29.372856,506300
2006-02-16,35.000000,35.689999,34.950001,35.610001,29.842163,618600
2006-02-17,35.619999,35.900002,35.610001,35.689999,29.909208,575300
2006-02-21,35.869999,36.070000,35.740002,35.919998,30.101950,658100
2006-02-22,36.029999,36.400002,36.029999,36.360001,30.470678,843400
2006-02-23,36.150002,36.570000,36.049999,36.500000,30.588007,873600
2006-02-24,36.509998,36.599998,36.259998,36.509998,30.596376,408100
2006-02-27,36.500000,36.779999,36.299999,36.410000,30.512581,372500
2006-02-28,36.130001,36.330002,36.020000,36.189999,30.328207,661800
2006-03-01,36.150002,36.320000,35.939999,36.150002,30.294689,571700
2006-03-02,35.950001,36.150002,35.660000,36.020000,30.185755,621800
2006-03-03,35.750000,36.119999,35.590000,35.900002,30.085203,368900
2006-03-06,35.849998,35.980000,35.549999,35.740002,29.951109,448600
2006-03-07,35.750000,36.160000,34.959999,36.049999,30.210894,487000
2006-03-08,36.049999,36.509998,35.799999,36.480000,30.571249,806800
2006-03-09,39.500000,40.500000,38.750000,38.970001,32.657940,2891000
2006-03-10,39.099998,39.450001,39.000000,39.250000,32.977200,1750700
2006-03-13,39.270000,39.389999,38.560001,38.779999,32.582321,1213700
2006-03-14,38.660000,39.029999,38.639999,38.930000,32.708340,810200
2006-03-15,39.029999,39.480000,38.799999,39.299999,33.019215,704500
2006-03-16,39.349998,39.549999,39.119999,39.250000,32.977200,908400
2006-03-17,39.349998,39.549999,39.150002,39.290001,33.010811,1102200
2006-03-20,39.290001,39.540001,38.950001,39.040001,32.800758,771800
2006-03-21,39.000000,39.279999,38.630001,38.759998,32.565498,1002500
2006-03-22,38.450001,38.790001,38.279999,38.680000,32.498295,912400
2006-03-23,38.580002,39.070000,38.509998,39.049999,32.809166,730700
2006-03-24,39.299999,39.349998,38.840000,39.000000,32.767151,615400
2006-03-27,39.000000,39.049999,38.560001,38.900002,32.683144,610900
2006-03-28,38.799999,38.980000,38.470001,38.730000,32.540306,579500
2006-03-29,38.590000,38.840000,38.259998,38.630001,32.456295,428300
2006-03-30,38.549999,38.900002,38.410000,38.570000,32.405884,517400
2006-03-31,38.470001,38.790001,38.200001,38.200001,32.095013,466700
2006-04-03,38.099998,38.810001,38.099998,38.509998,32.355473,725700
2006-04-04,38.500000,38.849998,38.340000,38.790001,32.590721,583300
2006-04-05,38.650002,38.720001,38.169998,38.419998,32.279858,609300
2006-04-06,38.369999,38.500000,38.040001,38.299999,32.179028,545200
2006-04-07,38.250000,38.580002,37.860001,37.939999,31.876564,611900
2006-04-10,38.040001,38.240002,37.810001,37.919998,31.859770,455800
2006-04-11,37.939999,37.990002,37.299999,37.389999,31.414465,673300
2006-04-12,37.419998,37.900002,37.400002,37.770000,31.733727,523300
2006-04-13,37.630001,38.110001,37.630001,38.000000,31.926977,488000
2006-04-17,37.930000,38.119999,37.759998,37.930000,31.868164,318000
2006-04-18,37.840000,38.230000,37.840000,38.099998,32.010998,507600
2006-04-19,38.029999,38.230000,37.880001,38.020000,31.943785,558500
2006-04-20,38.020000,38.990002,38.020000,38.669998,32.489902,569800
2006-04-21,39.099998,39.099998,37.970001,38.009998,31.935389,1014100
2006-04-24,38.000000,38.660000,37.919998,38.400002,32.263046,519800
2006-04-25,38.419998,38.480000,37.650002,37.860001,31.809355,519300
2006-04-26,38.000000,38.340000,38.000000,38.180000,32.078209,390900
2006-04-27,38.180000,38.500000,37.689999,38.029999,31.952169,510400
2006-04-28,38.029999,38.029999,37.599998,37.799999,31.758942,469800
2006-05-01,37.549999,38.029999,37.419998,37.509998,31.515291,653300
2006-05-02,37.450001,38.130001,37.400002,38.070000,31.985785,608500
2006-05-03,38.070000,38.070000,37.630001,37.840000,31.792543,344400
2006-05-04,37.840000,38.500000,37.840000,37.950001,31.884970,469200
2006-05-05,38.020000,38.599998,37.950001,38.500000,32.347076,458300
2006-05-08,38.500000,38.799999,38.419998,38.639999,32.464691,477800
2006-05-09,38.549999,38.669998,38.110001,38.180000,32.078209,347700
2006-05-10,38.200001,38.400002,37.939999,38.139999,32.044601,378500
2006-05-11,38.119999,38.250000,37.590000,38.070000,31.985785,423400
2006-05-12,38.000000,38.070000,37.740002,37.840000,31.792543,601600
2006-05-15,37.900002,38.290001,37.700001,38.169998,32.069801,787300
2006-05-16,38.150002,38.169998,37.509998,38.020000,31.943785,463100
2006-05-17,37.799999,37.930000,37.470001,37.730000,31.700121,1060200
2006-05-18,37.630001,38.209999,37.610001,37.810001,31.767342,715200
2006-05-19,37.840000,38.439999,37.459999,38.049999,31.968992,1204000
2006-05-22,38.000000,38.330002,37.000000,37.990002,31.918573,917600
2006-05-23,38.400002,38.400002,37.500000,37.540001,31.540489,735400
2006-05-24,37.500000,38.040001,37.299999,37.840000,31.792543,698900
2006-05-25,37.950001,38.400002,37.830002,38.259998,32.145424,380500
2006-05-26,38.259998,38.630001,38.110001,38.560001,32.397476,493600
2006-05-30,38.500000,38.560001,37.860001,38.320000,32.195827,627700
2006-05-31,38.369999,38.799999,38.220001,38.709999,32.523502,631700
2006-06-01,38.549999,38.610001,38.110001,38.349998,32.221039,1147200
2006-06-02,38.650002,38.700001,38.160000,38.320000,32.195827,772100
2006-06-05,38.250000,38.320000,37.750000,37.779999,31.742136,721000
2006-06-06,37.900002,37.900002,37.400002,37.799999,31.758942,1180800
2006-06-07,37.799999,38.189999,37.619999,37.799999,31.758942,802000
2006-06-08,37.700001,38.200001,37.080002,38.200001,32.095013,1434600
2006-06-09,38.599998,38.689999,37.810001,37.900002,31.842949,1304000
2006-06-12,37.919998,38.110001,37.599998,37.650002,31.632917,485300
2006-06-13,37.549999,37.930000,37.360001,37.509998,31.515291,862200
2006-06-14,37.500000,37.939999,37.480000,37.900002,31.842949,824200
2006-06-15,37.990002,38.770000,37.930000,38.740002,32.548710,613900
2006-06-16,38.639999,38.959999,38.500000,38.680000,32.582394,772700
2006-06-19,38.750000,38.770000,38.330002,38.490002,32.422363,756700
2006-06-20,38.470001,38.669998,38.040001,38.150002,32.135956,678200
2006-06-21,38.099998,39.560001,38.099998,39.259998,33.070965,817400
2006-06-22,39.049999,39.639999,38.849998,39.419998,33.205750,748200
2006-06-23,39.349998,39.400002,38.990002,39.130001,32.961464,596500
2006-06-26,39.200001,39.650002,39.169998,39.570000,33.332092,425900
2006-06-27,39.590000,40.790001,39.459999,40.750000,34.326077,1652400
2006-06-28,40.689999,40.700001,39.299999,39.860001,33.576401,1321000
2006-06-29,40.000000,41.180000,39.950001,41.139999,34.654610,1269400
2006-06-30,41.139999,41.200001,40.459999,40.580002,34.182892,1749900
2006-07-03,40.680000,41.080002,40.400002,40.889999,34.444016,1041400
2006-07-05,40.099998,40.150002,39.680000,39.910000,33.618488,1416600
2006-07-06,39.799999,40.259998,39.599998,40.169998,33.837521,1532200
2006-07-07,40.169998,40.340000,39.799999,40.020000,33.711174,897500
2006-07-10,40.049999,40.130001,39.779999,40.020000,33.711174,703300
2006-07-11,40.500000,41.119999,40.349998,41.119999,34.637753,1113400
2006-07-12,41.130001,41.369999,40.750000,40.939999,34.486130,789200
2006-07-13,40.939999,40.959999,40.250000,40.259998,33.913330,1381500
2006-07-14,40.139999,40.230000,39.570000,40.090000,33.770130,864900
2006-07-17,40.029999,40.549999,39.869999,40.450001,34.073380,1244200
2006-07-18,40.450001,41.130001,40.049999,41.119999,34.637753,1261300
2006-07-19,41.099998,42.230000,40.950001,42.000000,35.379036,1404100
2006-07-20,41.970001,41.970001,41.000000,41.029999,34.561951,771600
2006-07-21,41.299999,41.450001,40.790001,41.220001,34.721996,1149200
2006-07-24,41.400002,42.180000,41.099998,42.180000,35.530651,1185700
2006-07-25,42.180000,42.220001,40.970001,41.750000,35.168453,1165200
2006-07-26,41.500000,42.950001,41.340000,42.139999,35.496960,1109800
2006-07-27,42.299999,42.599998,42.060001,42.500000,35.800209,710700
2006-07-28,42.849998,43.400002,42.040001,43.240002,36.423569,824100
2006-07-31,43.200001,43.349998,42.799999,43.070000,36.280350,601100
2006-08-01,42.849998,43.040001,42.410000,42.919998,36.153996,875400
2006-08-02,43.049999,43.669998,43.049999,43.349998,36.516224,1076300
2006-08-03,43.349998,43.520000,43.150002,43.330002,36.499382,809100
2006-08-04,43.500000,43.869999,42.950001,43.240002,36.423569,740300
2006-08-07,43.240002,43.349998,42.799999,42.889999,36.128727,471100
2006-08-08,43.099998,43.599998,42.700001,43.009998,36.229813,877600
2006-08-09,43.049999,43.230000,42.570000,42.630001,35.909706,558600
2006-08-10,42.630001,43.090000,42.310001,42.980000,36.204536,442100
2006-08-11,43.000000,43.340000,42.680000,42.889999,36.128727,538300
2006-08-14,43.200001,43.470001,42.980000,43.000000,36.221390,417700
2006-08-15,43.400002,44.509998,43.369999,44.290001,37.308041,1154800
2006-08-16,43.410000,44.880001,43.410000,44.270000,37.291183,1006800
2006-08-17,44.349998,45.250000,44.200001,44.549999,37.527035,1026800
2006-08-18,44.630001,44.790001,44.099998,44.220001,37.249062,458200
2006-08-21,44.049999,44.250000,43.590000,43.590000,36.718380,964600
2006-08-22,43.630001,43.910000,43.490002,43.520000,36.659420,884600
2006-08-23,43.660000,43.860001,43.209999,43.400002,36.558346,480000
2006-08-24,43.700001,43.950001,43.400002,43.750000,36.853153,602300
2006-08-25,43.720001,43.919998,43.299999,43.680000,36.794186,416800
2006-08-28,43.730000,44.490002,43.700001,44.150002,37.190094,577600
2006-08-29,44.150002,45.000000,43.919998,44.799999,37.737633,1273300
2006-08-30,44.750000,45.439999,44.400002,44.720001,37.670238,730900
2006-08-31,44.650002,44.830002,44.340000,44.580002,37.552311,489200
2006-09-01,44.599998,44.910000,44.490002,44.820000,37.754478,456700
2006-09-05,44.000000,44.130001,43.029999,43.150002,36.347744,1562000
2006-09-06,42.950001,43.220001,42.700001,42.919998,36.153996,1406200
2006-09-07,42.919998,42.919998,41.650002,41.730000,35.151585,1469800
2006-09-08,41.730000,42.549999,41.660000,42.209999,35.555931,1207800
2006-09-11,42.000000,42.000000,39.889999,40.869999,34.427181,2027700
2006-09-12,40.869999,42.299999,40.869999,42.150002,35.505386,1084100
2006-09-13,41.830002,42.270000,41.770000,41.950001,35.336926,881200
2006-09-14,41.980000,42.380001,41.759998,42.139999,35.496960,737500
2006-09-15,42.259998,42.660000,41.980000,41.980000,35.446281,1124400
2006-09-18,41.990002,42.720001,41.869999,42.259998,35.682720,703100
2006-09-19,42.360001,42.459999,42.209999,42.349998,35.758724,786100
2006-09-20,42.340000,43.000000,42.220001,42.919998,36.240002,666000
2006-09-21,43.020000,43.200001,42.529999,42.660000,36.020458,633000
2006-09-22,42.549999,42.900002,42.450001,42.759998,36.104900,519900
2006-09-25,42.570000,43.060001,41.980000,42.830002,36.164005,701900
2006-09-26,42.639999,43.349998,42.639999,43.110001,36.400421,465800
2006-09-27,43.049999,43.590000,42.779999,43.220001,36.493305,596800
2006-09-28,43.400002,43.400002,42.970001,43.220001,36.493305,483800
2006-09-29,43.099998,43.439999,42.820000,42.820000,36.155571,525900
2006-10-02,42.830002,42.830002,42.169998,42.470001,35.860039,1031100
2006-10-03,42.520000,42.570000,42.189999,42.349998,35.758724,1140300
2006-10-04,42.389999,43.389999,42.349998,43.389999,36.636845,959600
2006-10-05,43.389999,44.020000,43.090000,44.020000,37.168800,829000
2006-10-06,44.020000,44.240002,43.759998,43.919998,37.084358,841700
2006-10-09,43.799999,44.279999,43.709999,44.189999,37.312336,562500
2006-10-10,44.349998,44.470001,43.900002,44.470001,37.548759,524500
2006-10-11,44.220001,44.610001,43.720001,44.049999,37.194126,439500
2006-10-12,44.150002,44.740002,44.000000,44.470001,37.548759,516000
2006-10-13,44.099998,44.529999,43.959999,44.200001,37.320789,584100
2006-10-16,44.250000,44.860001,44.209999,44.820000,37.844280,677100
2006-10-17,44.599998,44.740002,44.110001,44.540001,37.607872,674300
2006-10-18,44.660000,45.020000,44.490002,44.889999,37.903389,703700
2006-10-19,44.990002,45.160000,44.720001,44.900002,37.911842,483500
2006-10-20,44.990002,45.480000,44.709999,44.980000,37.979378,739500
2006-10-23,44.799999,45.009998,44.500000,44.849998,37.869621,827900
2006-10-24,44.849998,45.009998,44.610001,44.860001,37.878067,618000
2006-10-25,44.930000,45.049999,44.700001,44.919998,37.928715,688000
2006-10-26,45.049999,45.150002,44.790001,45.040001,38.030048,728800
2006-10-27,45.080002,45.419998,45.080002,45.290001,38.241142,627600
2006-10-30,45.099998,45.610001,44.980000,45.549999,38.460667,607200
2006-10-31,45.599998,45.650002,44.939999,45.349998,38.291798,865300
2006-11-01,45.349998,45.689999,45.340000,45.439999,38.367783,474300
2006-11-02,45.430000,45.529999,45.090000,45.419998,38.350903,767700
2006-11-03,45.450001,45.709999,45.110001,45.240002,38.198925,440600
2006-11-06,45.270000,46.150002,45.200001,45.869999,38.730869,538900
2006-11-07,45.869999,46.110001,45.669998,45.770000,38.646431,615900
2006-11-08,45.480000,46.240002,45.470001,45.970001,38.815308,454900
2006-11-09,46.150002,46.150002,45.529999,45.580002,38.486012,468100
2006-11-10,45.570000,45.689999,45.060001,45.299999,38.249580,566900
2006-11-13,45.099998,45.849998,44.980000,45.730000,38.612652,525400
2006-11-14,45.939999,45.990002,45.450001,45.750000,38.629543,507900
2006-11-15,45.790001,45.840000,45.610001,45.700001,38.587318,609200
2006-11-16,45.709999,45.950001,45.529999,45.869999,38.730869,514900
2006-11-17,45.720001,45.849998,45.380001,45.790001,38.663322,491700
2006-11-20,45.700001,46.000000,45.599998,45.860001,38.722435,309500
2006-11-21,45.720001,46.400002,45.700001,46.189999,39.001053,613700
2006-11-22,46.000000,46.240002,45.910000,46.029999,38.865955,248600
2006-11-24,46.000000,46.200001,45.950001,46.000000,38.840618,162700
2006-11-27,46.000000,46.009998,45.360001,45.459999,38.384682,513000
2006-11-28,45.349998,45.470001,44.959999,45.110001,38.089153,577700
2006-11-29,44.950001,45.169998,44.029999,44.520000,37.590977,1366500
2006-11-30,44.500000,44.689999,44.270000,44.349998,37.447445,1034200
2006-12-01,44.450001,44.709999,43.810001,44.209999,37.329235,944100
2006-12-04,44.310001,45.400002,44.270000,44.950001,37.954063,764700
2006-12-05,45.049999,45.669998,45.049999,45.250000,38.207355,870600
2006-12-06,45.299999,45.480000,45.000000,45.310001,38.258022,541800
2006-12-07,45.250000,45.439999,44.980000,45.230000,38.190479,389400
2006-12-08,45.310001,45.570000,45.139999,45.520000,38.435333,419300
2006-12-11,45.500000,45.779999,45.400002,45.480000,38.401566,369600
2006-12-12,45.220001,45.430000,44.980000,45.169998,38.139812,675500
2006-12-13,45.250000,45.439999,44.900002,44.980000,37.979378,720700
2006-12-14,44.980000,45.380001,44.950001,45.139999,38.114475,662300
2006-12-15,45.020000,45.020000,44.529999,44.770000,37.898632,2054500
2006-12-18,44.770000,44.910000,44.419998,44.840000,37.957870,907300
2006-12-19,44.849998,45.400002,44.759998,45.389999,38.423473,860200
2006-12-20,45.380001,45.669998,45.200001,45.439999,38.465801,438300
2006-12-21,45.439999,45.560001,45.060001,45.380001,38.414997,620000
2006-12-22,45.450001,45.450001,44.910000,44.939999,38.042545,432300
2006-12-26,44.919998,45.320000,44.869999,45.139999,38.211823,351600
2006-12-27,45.330002,45.520000,45.110001,45.290001,38.338829,346500
2006-12-28,45.330002,45.730000,45.259998,45.299999,38.347279,293600
2006-12-29,45.310001,45.490002,45.080002,45.200001,38.262619,336800
2007-01-03,45.200001,45.369999,44.279999,44.500000,37.670063,1095500
2007-01-04,44.400002,44.470001,43.740002,43.950001,37.204468,1177800
2007-01-05,43.950001,44.220001,43.759998,43.959999,37.212929,1335600
2007-01-08,43.840000,43.990002,43.540001,43.820000,37.094437,985800
2007-01-09,43.950001,44.060001,43.709999,43.830002,37.102894,908200
2007-01-10,43.750000,43.939999,43.599998,43.799999,37.077499,656200
2007-01-11,43.799999,44.480000,43.799999,44.310001,37.509232,608900
2007-01-12,44.419998,45.000000,44.320000,44.660000,37.805511,582300
2007-01-16,44.500000,44.990002,44.500000,44.880001,37.991741,537700
2007-01-17,44.880001,44.880001,44.590000,44.689999,37.830894,571900
2007-01-18,44.709999,44.810001,44.299999,44.380001,37.568485,348500
2007-01-19,44.299999,44.439999,44.049999,44.119999,37.348389,682600
2007-01-22,44.049999,44.320000,43.970001,44.110001,37.339931,481100
2007-01-23,44.000000,44.259998,43.910000,44.240002,37.449970,689000
2007-01-24,44.240002,44.529999,44.160000,44.410000,37.593876,623600
2007-01-25,44.330002,44.349998,43.650002,43.849998,37.119820,1189200
2007-01-26,43.970001,43.980000,42.959999,43.160000,36.535721,1385700
2007-01-29,43.060001,43.630001,43.049999,43.470001,36.798157,1309000
2007-01-30,43.369999,43.439999,42.770000,43.139999,36.518803,1091000
2007-01-31,43.099998,44.020000,43.099998,43.900002,37.162163,841300
2007-02-01,43.869999,44.310001,43.750000,44.169998,37.390717,853500
2007-02-02,44.169998,44.560001,44.119999,44.270000,37.475361,863100
2007-02-05,44.119999,44.200001,43.540001,43.730000,37.018230,668100
2007-02-06,43.730000,44.480000,43.730000,44.250000,37.458435,722100
2007-02-07,44.240002,44.389999,44.029999,44.240002,37.449970,349700
2007-02-08,44.110001,44.200001,43.820000,44.000000,37.246796,507000
2007-02-09,44.000000,44.459999,43.919998,43.930000,37.187550,546900
2007-02-12,44.060001,44.500000,43.900002,44.099998,37.331444,894200
2007-02-13,44.150002,44.590000,43.750000,43.900002,37.162163,1043800
2007-02-14,43.939999,44.380001,43.930000,44.070000,37.306038,993700
2007-02-15,44.070000,44.439999,44.000000,44.349998,37.543079,611000
2007-02-16,44.180000,44.570000,44.150002,44.520000,37.686985,927700
2007-02-20,44.599998,44.750000,44.299999,44.599998,37.754715,649500
2007-02-21,44.470001,44.830002,44.470001,44.700001,37.839359,582800
2007-02-22,44.770000,44.910000,44.000000,44.119999,37.348389,537400
2007-02-23,44.049999,44.150002,43.770000,43.849998,37.119820,735300
2007-02-26,43.880001,44.330002,43.320000,43.430000,36.764286,934800
2007-02-27,42.919998,43.139999,41.889999,42.180000,35.706150,1327800
2007-02-28,42.320000,42.770000,41.619999,42.299999,35.807709,955900
2007-03-01,41.799999,42.110001,37.009998,41.750000,35.342133,1935100
2007-03-02,41.790001,41.900002,41.259998,41.389999,35.037388,1299500
2007-03-05,41.250000,41.480000,40.820000,40.830002,34.563332,1198500
2007-03-06,41.070000,42.250000,41.000000,42.060001,35.604565,1452300
2007-03-07,41.900002,42.389999,41.849998,42.160000,35.689209,973600
2007-03-08,42.380001,42.840000,42.299999,42.570000,36.036282,967600
2007-03-09,42.740002,43.180000,42.730000,43.009998,36.408749,731700
2007-03-12,43.009998,43.259998,42.540001,43.060001,36.451073,747600
2007-03-13,42.750000,43.009998,41.750000,41.810001,35.392933,1039500
2007-03-14,42.380001,42.820000,41.970001,42.610001,36.070148,1572100
2007-03-15,42.639999,43.470001,42.639999,42.869999,36.290230,1172600
2007-03-16,42.750000,42.799999,41.860001,42.160000,35.785206,1829900
2007-03-19,42.540001,43.040001,42.439999,43.000000,36.498188,1064000
2007-03-20,42.900002,43.070000,42.639999,42.740002,36.277496,879800
2007-03-21,42.740002,43.130001,42.430000,43.080002,36.566097,1032900
2007-03-22,43.970001,43.970001,42.770000,42.980000,36.481201,817700
2007-03-23,43.130001,43.130001,42.669998,42.990002,36.489700,959200
2007-03-26,43.099998,43.340000,42.439999,43.299999,36.752831,648300
2007-03-27,43.110001,43.230000,42.720001,43.000000,36.498188,718400
2007-03-28,42.840000,42.840000,42.310001,42.520000,36.090763,819100
2007-03-29,42.590000,42.959999,42.470001,42.720001,36.260513,1205000
2007-03-30,42.799999,43.209999,42.590000,43.000000,36.498188,1113000
2007-04-02,42.959999,43.299999,42.790001,43.180000,36.650970,903700
2007-04-03,43.349998,43.990002,43.310001,43.730000,37.117802,692900
2007-04-04,43.660000,44.080002,43.570000,43.570000,36.982006,695000
2007-04-05,43.580002,43.830002,43.580002,43.730000,37.117802,521200
2007-04-09,43.720001,43.900002,43.610001,43.810001,37.185719,459900
2007-04-10,43.849998,43.910000,43.630001,43.680000,37.075371,662600
2007-04-11,43.740002,43.849998,43.549999,43.619999,37.024445,870800
2007-04-12,43.630001,44.090000,43.599998,44.049999,37.389420,605000
2007-04-13,44.000000,44.080002,43.680000,43.779999,37.160255,507500
2007-04-16,43.889999,44.410000,43.889999,44.410000,37.694996,634800
2007-04-17,44.380001,44.590000,44.119999,44.189999,37.508247,535600
2007-04-18,44.189999,44.230000,43.840000,43.950001,37.304535,678500
2007-04-19,44.790001,44.790001,43.570000,43.990002,37.338497,587700
2007-04-20,44.410000,44.709999,44.139999,44.639999,37.890221,867400
2007-04-23,44.599998,44.770000,44.369999,44.490002,37.762897,454400
2007-04-24,44.419998,44.730000,43.799999,44.000000,37.346981,884800
2007-04-25,44.320000,44.650002,44.020000,44.169998,37.491291,995400
2007-04-26,44.200001,44.330002,43.830002,44.099998,37.431862,947400
2007-04-27,44.110001,44.119999,43.580002,43.970001,37.321518,561500
2007-04-30,43.970001,43.990002,42.990002,42.990002,36.489700,975100
2007-05-01,43.000000,43.049999,42.029999,42.259998,35.870075,2141100
2007-05-02,42.259998,42.950001,42.259998,42.700001,36.243553,2098100
2007-05-03,42.830002,43.240002,42.830002,43.200001,36.667946,1250900
2007-05-04,43.349998,43.349998,42.459999,42.759998,36.294479,1280800
2007-05-07,42.810001,43.380001,42.759998,42.919998,36.430283,756700
2007-05-08,42.650002,42.820000,41.869999,42.080002,35.717300,1348500
2007-05-09,42.000000,42.369999,41.779999,42.060001,35.700329,1430700
2007-05-10,42.060001,42.200001,41.639999,41.779999,35.462654,1224500
2007-05-11,42.029999,42.430000,41.880001,42.310001,35.912521,1066700
2007-05-14,42.470001,42.799999,42.240002,42.720001,36.260513,1224700
2007-05-15,43.139999,44.610001,42.720001,44.049999,37.389420,2261800
2007-05-16,44.060001,44.320000,43.930000,44.209999,37.525230,1133000
2007-05-17,44.049999,44.290001,43.889999,43.910000,37.270584,744900
2007-05-18,44.000000,44.250000,43.840000,43.959999,37.313023,1053500
2007-05-21,43.900002,44.160000,43.689999,43.750000,37.134792,784300
2007-05-22,43.720001,43.990002,43.520000,43.799999,37.177223,1144200
2007-05-23,43.820000,44.200001,43.650002,43.709999,37.100822,944900
2007-05-24,43.700001,43.900002,42.930000,42.959999,36.464233,789200
2007-05-25,43.180000,43.709999,43.150002,43.380001,36.820736,608200
2007-05-29,43.590000,43.770000,43.020000,43.130001,36.608536,730300
2007-05-30,43.099998,43.250000,42.820000,43.189999,36.659454,993800
2007-05-31,43.290001,43.689999,43.139999,43.150002,36.625515,834600
2007-06-01,43.150002,43.340000,42.790001,43.060001,36.549122,1120400
2007-06-04,43.029999,43.119999,42.770000,42.849998,36.370872,870200
2007-06-05,42.860001,43.020000,42.580002,42.599998,36.158672,744800
2007-06-06,42.599998,42.599998,41.520000,41.750000,35.437195,1508000
2007-06-07,42.250000,42.599998,41.590000,41.590000,35.301399,2047200
2007-06-08,41.660000,41.840000,41.119999,41.840000,35.513596,2326900
2007-06-11,41.599998,42.410000,41.560001,42.090000,35.725792,1181600
2007-06-12,42.650002,43.470001,42.650002,42.750000,36.285995,1934100
2007-06-13,42.869999,43.700001,42.779999,43.700001,37.092350,1085100
2007-06-14,43.549999,44.139999,43.419998,43.580002,36.990494,930200
2007-06-15,44.400002,44.419998,43.580002,43.630001,37.130909,919600
2007-06-18,43.660000,43.939999,43.630001,43.630001,37.130909,861900
2007-06-19,43.500000,43.500000,42.910000,43.009998,36.603264,1273400
2007-06-20,43.849998,44.540001,43.169998,43.180000,36.747940,1553600
2007-06-21,42.939999,43.360001,42.720001,43.360001,36.901138,1035500
2007-06-22,43.200001,43.490002,42.700001,42.820000,36.441578,1921400
2007-06-25,42.779999,43.290001,42.459999,42.639999,36.288391,1375400
2007-06-26,42.650002,42.990002,42.349998,42.779999,36.407536,1689700
2007-06-27,42.669998,43.230000,42.599998,43.150002,36.722420,1580900
2007-06-28,43.020000,43.230000,42.830002,42.830002,36.450081,1031900
2007-06-29,42.840000,43.389999,42.549999,42.700001,36.339443,1187000
2007-07-02,43.029999,43.400002,42.889999,43.150002,36.722420,884800
2007-07-03,43.150002,43.279999,43.060001,43.139999,36.713909,358400
2007-07-05,42.919998,43.060001,42.430000,42.450001,36.126682,1300100
2007-07-06,42.430000,42.630001,42.250000,42.580002,36.237316,1221200
2007-07-09,42.330002,42.799999,42.270000,42.630001,36.279861,1013900
2007-07-10,42.509998,42.709999,42.090000,42.200001,35.913933,1253800
2007-07-11,42.299999,42.900002,42.080002,42.900002,36.509651,1232900
2007-07-12,43.000000,43.470001,42.900002,43.470001,36.994755,1247900
2007-07-13,43.470001,43.900002,43.230000,43.799999,37.275585,808800
2007-07-16,43.700001,44.340000,43.590000,43.740002,37.224514,1395800
2007-07-17,43.680000,43.980000,43.529999,43.599998,37.105389,859200
2007-07-18,43.340000,43.740002,43.340000,43.660000,37.156452,1039000
2007-07-19,43.680000,43.799999,43.340000,43.650002,37.147942,1164500
2007-07-20,43.619999,43.889999,43.180000,43.700001,37.190491,1481700
2007-07-23,44.000000,44.500000,43.810001,43.990002,37.437286,1810600
2007-07-24,43.990002,44.740002,43.500000,43.689999,37.181976,1964700
2007-07-25,43.689999,43.840000,43.029999,43.360001,36.901138,2210600
2007-07-26,43.009998,43.250000,42.080002,42.459999,36.135201,2591400
2007-07-27,42.020000,42.560001,41.570000,41.820000,35.590534,2468200
2007-07-30,41.930000,42.720001,41.360001,42.570000,36.228802,1914100
2007-07-31,42.810001,43.000000,42.000000,42.110001,35.837322,2174700
2007-08-01,42.200001,42.930000,41.830002,42.799999,36.424557,1762500
2007-08-02,42.759998,43.119999,42.439999,42.700001,36.339443,1104500
2007-08-03,42.750000,42.939999,42.049999,42.049999,35.786255,1170100
2007-08-06,42.259998,42.639999,41.669998,42.630001,36.279861,1394600
2007-08-07,42.320000,43.029999,41.900002,42.650002,36.296902,1664700
2007-08-08,43.509998,43.580002,42.630001,43.189999,36.756447,1730200
2007-08-09,42.759998,43.290001,42.250000,42.430000,36.109657,1957000
2007-08-10,42.060001,42.799999,41.139999,41.900002,35.658611,1722600
2007-08-13,42.099998,42.380001,41.299999,42.000000,35.743710,1665800
2007-08-14,42.169998,42.439999,41.150002,41.150002,35.020313,1204500
2007-08-15,40.959999,41.169998,40.130001,40.160000,34.177795,1089200
2007-08-16,40.009998,40.599998,39.009998,40.349998,34.339489,2442700
2007-08-17,42.849998,42.849998,40.389999,40.740002,34.671402,1302600
2007-08-20,40.750000,41.389999,40.480000,40.990002,34.884171,1203600
2007-08-21,40.680000,41.279999,40.200001,40.590000,34.543743,1253900
2007-08-22,40.700001,41.639999,40.669998,41.020000,34.909706,2111100
2007-08-23,41.070000,41.270000,40.549999,40.959999,34.858635,1213500
2007-08-24,41.080002,41.389999,40.860001,41.380001,35.216064,813700
2007-08-27,41.240002,41.560001,41.080002,41.110001,34.986282,832300
2007-08-28,40.849998,41.169998,40.400002,40.439999,34.416088,1207400
2007-08-29,40.599998,41.470001,40.500000,41.439999,35.267136,1025000
2007-08-30,41.200001,41.820000,41.110001,41.439999,35.267136,1173300
2007-08-31,41.740002,42.340000,41.459999,41.660000,35.454361,948300
2007-09-04,41.430000,41.660000,41.240002,41.400002,35.233082,1009400
2007-09-05,41.150002,41.630001,41.080002,41.619999,35.420330,1222800
2007-09-06,41.619999,41.689999,41.299999,41.650002,35.445858,623400
2007-09-07,41.160000,41.490002,40.750000,40.840000,34.756500,830500
2007-09-10,41.000000,41.200001,40.369999,40.759998,34.688419,668200
2007-09-11,41.000000,41.560001,40.849998,41.529999,35.343723,722800
2007-09-12,41.830002,42.700001,41.660000,42.500000,36.169235,1298500
2007-09-13,42.500000,43.000000,42.500000,42.520000,36.186253,1251800
2007-09-14,42.000000,42.849998,41.889999,42.740002,36.472122,828200
2007-09-17,42.419998,43.070000,42.400002,42.590000,36.344124,705200
2007-09-18,42.810001,43.849998,42.610001,43.820000,37.393753,1155800
2007-09-19,44.000000,45.540001,43.959999,45.369999,38.716434,2112800
2007-09-20,45.150002,45.500000,45.000000,45.380001,38.724972,1323900
2007-09-21,45.950001,46.709999,45.380001,46.279999,39.492981,1963100
2007-09-24,46.080002,46.639999,45.779999,45.869999,39.143120,1059200
2007-09-25,45.090000,46.259998,45.090000,46.130001,39.364986,1289500
2007-09-26,46.049999,46.860001,46.049999,46.720001,39.868462,1032100
2007-09-27,46.799999,47.590000,46.799999,47.590000,40.610882,915100
2007-09-28,47.320000,47.500000,47.040001,47.200001,40.278084,887600
2007-10-01,47.060001,48.369999,47.060001,47.849998,40.832737,915200
2007-10-02,47.669998,47.799999,47.049999,47.369999,40.423138,694000
2007-10-03,47.209999,47.400002,46.849998,46.889999,40.013523,709100
2007-10-04,47.080002,47.520000,46.740002,46.810001,39.945259,968300
2007-10-05,47.290001,47.369999,46.720001,47.000000,40.107399,1097600
2007-10-08,47.040001,47.049999,46.630001,46.740002,39.885532,507400
2007-10-09,46.750000,47.090000,46.639999,46.930000,40.047657,777000
2007-10-10,46.990002,47.099998,46.740002,47.029999,40.132996,975000
2007-10-11,46.959999,47.290001,46.220001,46.380001,39.578323,866500
2007-10-12,46.380001,47.220001,46.130001,47.099998,40.192738,651300
2007-10-15,47.209999,47.400002,46.310001,46.509998,39.689247,644200
2007-10-16,46.630001,46.630001,45.490002,45.660000,38.963905,839400
2007-10-17,45.880001,46.209999,45.650002,46.020000,39.271111,714400
2007-10-18,45.830002,46.340000,45.599998,46.139999,39.373520,680900
2007-10-19,45.810001,46.410000,45.650002,45.650002,38.955376,1172000
2007-10-22,45.580002,46.590000,45.000000,46.380001,39.578323,1175700
2007-10-23,46.439999,46.770000,45.360001,46.490002,39.672203,1508600
2007-10-24,46.180000,46.840000,45.950001,46.740002,39.885532,1289800
2007-10-25,46.919998,46.930000,46.040001,46.310001,39.518589,1214400
2007-10-26,46.799999,47.279999,46.570000,47.259998,40.329273,844400
2007-10-29,47.250000,47.669998,47.169998,47.430000,40.474342,430900
2007-10-30,47.230000,47.669998,46.919998,46.939999,40.056190,769100
2007-10-31,47.009998,47.209999,46.169998,47.169998,40.252457,1094100
2007-11-01,46.830002,47.090000,46.009998,46.060001,39.305244,848700
2007-11-02,46.130001,46.330002,45.349998,46.320000,39.527111,1019400
2007-11-05,46.000000,46.849998,45.790001,46.529999,39.706314,878200
2007-11-06,46.570000,48.259998,46.570000,48.259998,41.182613,1169000
2007-11-07,47.549999,47.779999,46.320000,46.320000,39.527111,956500
2007-11-08,46.360001,46.770000,45.830002,46.669998,39.825775,1290400
2007-11-09,45.990002,46.830002,45.619999,46.049999,39.296707,1156100
2007-11-12,45.880001,46.720001,45.820000,45.849998,39.126041,985300
2007-11-13,46.310001,46.709999,46.060001,46.680000,39.834320,1132100
2007-11-14,46.779999,47.480000,46.610001,47.180000,40.261005,925400
2007-11-15,47.090000,47.320000,45.990002,46.279999,39.492981,1197500
2007-11-16,46.680000,46.830002,45.740002,46.029999,39.279644,1729200
2007-11-19,45.709999,45.939999,45.080002,45.119999,38.503086,1068500
2007-11-20,45.250000,46.349998,45.070000,45.500000,38.827377,1273300
2007-11-21,45.290001,45.869999,44.939999,45.200001,38.571365,1006100
2007-11-23,45.599998,46.009998,45.360001,45.869999,39.143120,256200
2007-11-26,45.750000,46.730000,44.950001,44.950001,38.358036,976300
2007-11-27,45.090000,45.959999,44.820000,45.610001,38.921249,1019900
2007-11-28,45.630001,47.299999,45.630001,47.299999,40.363388,1016400
2007-11-29,47.049999,47.230000,46.630001,47.000000,40.107399,1084200
2007-11-30,47.470001,47.900002,47.090000,47.900002,40.875412,1134200
2007-12-03,47.509998,49.820000,47.509998,49.560001,42.291965,1973500
2007-12-04,49.529999,49.689999,48.860001,49.299999,42.070095,1625700
2007-12-05,49.860001,49.860001,48.980000,49.400002,42.155437,873900
2007-12-06,49.380001,50.290001,49.130001,50.250000,42.880779,759300
2007-12-07,50.240002,50.950001,49.720001,50.770000,43.324516,1060000
2007-12-10,50.490002,51.490002,50.360001,51.490002,43.938934,1291500
2007-12-11,51.669998,51.669998,50.360001,50.520000,43.111183,1289200
2007-12-12,51.619999,51.619999,50.669998,51.150002,43.648800,1557700
2007-12-13,51.000000,52.180000,50.860001,52.070000,44.433872,1186700
2007-12-14,51.549999,51.720001,51.169998,51.389999,43.963367,1147200
2007-12-17,51.200001,51.500000,49.720001,49.720001,42.534706,1529700
2007-12-18,49.980000,50.830002,49.160000,50.639999,43.321743,1410700
2007-12-19,50.669998,51.580002,50.259998,51.240002,43.835033,1453800
2007-12-20,51.500000,51.500000,50.580002,51.419998,43.989014,994600
2007-12-21,51.830002,52.270000,51.340000,51.669998,44.202888,1302000
2007-12-24,51.980000,52.299999,51.830002,52.299999,44.741848,251400
2007-12-26,51.980000,52.279999,51.570000,52.250000,44.699070,411000
2007-12-27,52.200001,52.500000,51.880001,52.230000,44.681969,760900
2007-12-28,52.779999,52.779999,51.840000,52.070000,44.545090,654000
2007-12-31,52.000000,52.020000,51.130001,51.209999,43.809368,538000
2008-01-02,51.000000,51.500000,50.779999,51.029999,43.655384,1195000
2008-01-03,51.110001,51.250000,50.439999,50.770000,43.432957,1255400
2008-01-04,50.430000,51.009998,49.799999,50.349998,43.073669,1251200
2008-01-07,51.160000,52.349998,50.910000,51.240002,43.835033,2262100
2008-01-08,51.630001,51.799999,50.020000,50.209999,42.953884,1410000
2008-01-09,50.189999,50.310001,49.070000,50.209999,42.953884,1472200
2008-01-10,49.759998,51.139999,49.540001,50.950001,43.586941,1268300
2008-01-11,50.380001,50.849998,49.049999,49.209999,42.098400,1452200
2008-01-14,49.599998,49.990002,49.360001,49.959999,42.740021,1277400
2008-01-15,49.410000,50.189999,48.680000,48.740002,41.696335,1406200
2008-01-16,48.419998,49.349998,48.049999,48.660000,41.627892,1682500
2008-01-17,48.939999,49.230000,47.029999,47.040001,40.242020,1941800
2008-01-18,47.450001,48.169998,46.950001,47.709999,40.815155,1646400
2008-01-22,45.880001,46.669998,45.160000,45.799999,39.181183,2157400
2008-01-23,44.549999,47.450001,44.119999,47.369999,40.524311,2418200
2008-01-24,47.580002,47.910000,46.680000,47.360001,40.515751,1357800
2008-01-25,47.720001,47.720001,46.150002,46.320000,39.626049,1621900
2008-01-28,46.959999,47.950001,46.529999,47.950001,41.020485,1115200
2008-01-29,48.320000,48.439999,47.639999,47.900002,40.977715,844600
2008-01-30,47.759998,48.959999,47.360001,47.529999,40.661175,920700
2008-01-31,46.900002,48.560001,46.730000,48.139999,41.183037,1225100
2008-02-01,48.360001,49.139999,47.919998,49.020000,41.935867,1078000
2008-02-04,48.840000,51.000000,48.060001,49.599998,42.432037,921800
2008-02-05,48.849998,48.910000,47.750000,47.750000,40.849384,984900
2008-02-06,48.029999,48.169998,47.130001,47.259998,40.430210,1289800
2008-02-07,47.099998,48.070000,47.000000,47.740002,40.840836,1289400
2008-02-08,47.290001,47.910000,47.099998,47.650002,40.763836,1016100
2008-02-11,47.470001,48.169998,47.230000,47.980000,41.046162,786200
2008-02-12,47.779999,48.980000,46.939999,48.080002,41.131710,2093300
2008-02-13,48.730000,48.939999,47.110001,47.619999,40.738174,1939700
2008-02-14,47.490002,47.599998,46.009998,46.299999,39.608948,2058700
2008-02-15,46.250000,46.320000,45.389999,46.320000,39.626049,1276000
2008-02-19,46.770000,47.180000,46.470001,46.790001,40.028114,1089200
2008-02-20,46.500000,47.500000,46.410000,47.500000,40.635517,1246000
2008-02-21,47.520000,47.570000,46.700001,46.770000,40.011036,1389700
2008-02-22,47.070000,47.180000,46.150002,46.950001,40.165005,1145600
2008-02-25,47.000000,47.939999,46.490002,47.900002,40.977715,1091500
2008-02-26,47.599998,48.259998,47.490002,48.029999,41.088936,1207700
2008-02-27,47.549999,48.820000,46.799999,48.250000,41.277138,2536500
2008-02-28,48.250000,48.279999,47.380001,48.009998,41.071808,1224300
2008-02-29,47.529999,47.820000,46.610001,46.790001,40.028114,1235600
2008-03-03,46.630001,46.980000,46.240002,46.980000,40.190678,1375500
2008-03-04,46.529999,46.779999,45.349998,45.860001,39.232529,2426500
2008-03-05,45.900002,46.500000,45.570000,46.139999,39.472076,2283800
2008-03-06,46.009998,46.240002,45.590000,45.630001,39.035778,1413100
2008-03-07,45.200001,45.619999,44.520000,45.000000,38.606804,2590000
2008-03-10,44.950001,44.950001,43.200001,43.250000,37.105423,2211500
2008-03-11,44.599998,45.450001,43.939999,45.450001,38.992874,1922600
2008-03-12,45.799999,45.900002,44.459999,44.570000,38.237892,1767900
2008-03-13,44.040001,44.490002,43.240002,44.270000,37.980507,2303000
2008-03-14,44.529999,44.779999,42.799999,43.720001,37.508656,2439000
2008-03-17,43.029999,43.869999,42.549999,42.970001,36.865208,2068600
2008-03-18,43.480000,44.770000,43.389999,44.680000,38.332260,2056100
2008-03-19,45.189999,45.549999,43.439999,43.439999,37.268425,1929500
2008-03-20,43.709999,43.709999,42.790001,43.299999,37.148323,2147400
2008-03-24,43.650002,44.470001,43.459999,43.840000,37.611603,1399000
2008-03-25,44.150002,44.669998,43.759998,44.200001,37.920452,1239200
2008-03-26,44.060001,44.290001,43.520000,43.750000,37.534393,1273900
2008-03-27,44.049999,44.119999,43.290001,43.490002,37.311340,1681900
2008-03-28,43.590000,43.799999,42.650002,42.880001,36.787994,1492700
2008-03-31,42.779999,43.540001,42.520000,43.430000,37.259853,1676600
2008-04-01,43.599998,44.990002,43.310001,44.990002,38.598228,1933300
2008-04-02,45.110001,46.029999,44.849998,45.549999,39.078659,2795200
2008-04-03,45.400002,45.660000,44.599998,44.889999,38.512428,1689800
2008-04-04,45.000000,45.169998,44.570000,44.799999,38.435211,1367500
2008-04-07,45.090000,45.400002,44.439999,44.599998,38.263634,1042400
2008-04-08,44.480000,44.860001,44.139999,44.750000,38.392319,819400
2008-04-09,44.639999,44.959999,44.290001,44.419998,38.109196,809700
2008-04-10,44.500000,45.270000,44.189999,44.970001,38.581062,1423400
2008-04-11,44.520000,45.310001,44.389999,44.590000,38.255051,1649000
2008-04-14,44.490002,45.299999,44.470001,45.169998,38.752644,1281500
2008-04-15,45.549999,45.910000,44.840000,45.310001,38.872761,1043500
2008-04-16,45.730000,46.990002,45.450001,46.970001,40.296921,1323300
2008-04-17,46.500000,47.150002,46.070000,46.570000,39.953743,1292200
2008-04-18,47.419998,48.000000,46.910000,47.930000,41.120537,1495500
2008-04-21,47.759998,48.180000,47.419998,48.099998,41.266380,959100
2008-04-22,47.889999,47.970001,47.099998,47.619999,40.854568,1009600
2008-04-23,48.099998,48.099998,46.939999,47.240002,40.528557,1551200
2008-04-24,48.910000,48.910000,46.400002,46.830002,40.176815,1438600
2008-04-25,47.000000,47.500000,46.500000,47.500000,40.751625,874600
2008-04-28,47.709999,47.779999,46.540001,46.750000,40.108173,1048400
2008-04-29,46.799999,46.930000,46.139999,46.340000,39.756428,1505500
2008-04-30,46.799999,46.810001,45.770000,45.959999,39.430408,1317500
2008-05-01,45.980000,46.000000,45.150002,45.799999,39.293140,1596900
2008-05-02,46.029999,46.349998,45.580002,46.000000,39.464733,907300
2008-05-05,45.660000,46.040001,45.660000,46.040001,39.499050,867600
2008-05-06,45.500000,46.259998,45.110001,46.049999,39.507614,1206700
2008-05-07,46.180000,46.270000,45.369999,45.400002,38.949989,735700
2008-05-08,45.869999,45.869999,45.099998,45.779999,39.275997,762400
2008-05-09,45.660000,45.660000,44.900002,45.150002,38.735489,680500
2008-05-12,44.980000,45.090000,44.180000,45.029999,38.632534,1087700
2008-05-13,45.040001,45.419998,44.790001,45.419998,38.967129,1235400
2008-05-14,45.529999,46.230000,45.419998,45.889999,39.370354,726400
2008-05-15,45.950001,46.130001,45.500000,46.080002,39.533371,814700
2008-05-16,46.200001,46.700001,45.990002,46.700001,40.065296,871400
2008-05-19,46.619999,46.869999,45.540001,45.740002,39.241657,1105100
2008-05-20,45.240002,45.599998,44.889999,45.250000,38.821285,1335500
2008-05-21,45.110001,45.419998,44.189999,44.290001,37.997681,1157100
2008-05-22,44.150002,44.900002,44.110001,44.259998,37.971939,1210600
2008-05-23,43.950001,44.040001,43.660000,43.770000,37.551559,1559900
2008-05-27,43.919998,43.919998,43.110001,43.610001,37.414284,1606900
2008-05-28,43.799999,44.860001,43.750000,44.860001,38.486698,1470000
2008-05-29,44.869999,45.049999,44.450001,44.650002,38.306522,992600
2008-05-30,44.700001,45.020000,44.459999,44.830002,38.460949,658800
2008-06-02,44.560001,44.750000,44.160000,44.310001,38.014832,707600
2008-06-03,44.320000,44.669998,43.860001,44.240002,37.954784,795200
2008-06-04,44.040001,45.180000,44.040001,44.650002,38.306522,834200
2008-06-05,44.939999,45.930000,44.750000,45.930000,39.404675,776200
2008-06-06,45.959999,46.000000,44.410000,44.410000,38.100624,922300
2008-06-09,44.360001,44.889999,44.279999,44.740002,38.383743,754700
2008-06-10,44.090000,44.860001,43.730000,44.750000,38.392319,1257000
2008-06-11,44.389999,44.740002,43.849998,43.849998,37.620174,1065300
2008-06-12,44.150002,44.990002,44.150002,44.860001,38.486698,1012900
2008-06-13,45.259998,45.869999,45.070000,45.790001,39.398743,1243800
2008-06-16,45.330002,45.930000,45.250000,45.529999,39.175022,962900
2008-06-17,45.560001,45.610001,44.830002,44.930000,38.658764,1002900
2008-06-18,44.730000,45.009998,44.459999,44.610001,38.383434,778500
2008-06-19,44.720001,45.290001,44.470001,44.939999,38.667377,865700
2008-06-20,44.680000,44.830002,43.860001,44.150002,37.987637,1180400
2008-06-23,44.250000,44.880001,44.110001,44.869999,38.607147,947800
2008-06-24,44.700001,44.750000,43.430000,43.490002,37.419773,1679400
2008-06-25,43.840000,45.040001,43.480000,44.740002,38.495308,1269400
2008-06-26,44.130001,44.220001,43.599998,43.599998,37.514427,1267200
2008-06-27,43.599998,43.900002,43.340000,43.680000,37.583248,1392200
2008-06-30,43.830002,44.540001,42.889999,42.990002,36.989544,1389100
2008-07-01,42.540001,43.230000,42.000000,43.070000,37.058384,1875600
2008-07-02,43.070000,43.520000,42.439999,42.439999,36.516323,1748700
2008-07-03,42.889999,44.730000,42.730000,44.480000,38.271599,1842200
2008-07-07,44.490002,44.599998,43.240002,43.619999,37.531616,1751400
2008-07-08,43.250000,44.130001,43.250000,44.040001,37.893005,2147400
2008-07-09,43.790001,44.090000,43.060001,43.060001,37.049789,2287400
2008-07-10,43.340000,43.799999,42.880001,43.299999,37.256294,4086300
2008-07-11,42.959999,43.570000,42.610001,43.020000,37.015385,2973300
2008-07-14,43.209999,43.540001,42.860001,43.349998,37.299313,2264700
2008-07-15,42.950001,43.650002,42.279999,43.360001,37.307926,2492500
2008-07-16,43.330002,44.119999,42.759998,44.099998,37.944618,2232000
2008-07-17,44.400002,44.500000,43.889999,44.230000,38.056473,1685500
2008-07-18,44.230000,44.590000,43.779999,44.070000,37.918800,1838900
2008-07-21,44.189999,44.400002,43.930000,44.250000,38.073692,1755400
2008-07-22,44.020000,44.310001,43.669998,43.990002,37.849976,1992900
2008-07-23,44.180000,44.630001,43.730000,44.290001,38.108109,1474900
2008-07-24,44.290001,44.630001,43.799999,44.099998,37.944618,1652800
2008-07-25,44.320000,44.490002,43.509998,43.790001,37.677898,1363400
2008-07-28,43.869999,44.270000,43.490002,44.150002,37.987637,1751300
2008-07-29,43.990002,44.990002,43.990002,44.689999,38.452271,1171400
2008-07-30,44.900002,45.240002,44.700001,45.240002,38.925518,1151100
2008-07-31,44.930000,45.240002,44.580002,44.700001,38.460884,1545900
2008-08-01,44.680000,44.950001,43.599998,44.000000,37.858585,1392800
2008-08-04,43.869999,43.980000,43.130001,43.799999,37.686508,2160300
2008-08-05,43.889999,45.270000,43.740002,45.220001,38.908302,2473800
2008-08-06,45.040001,45.770000,44.990002,45.180000,38.873886,1272300
2008-08-07,45.040001,45.040001,44.189999,44.360001,38.168324,1144800
2008-08-08,44.430000,45.130001,44.150002,45.099998,38.805038,944100
2008-08-11,45.099998,45.450001,44.590000,45.430000,39.088997,1279400
2008-08-12,45.230000,45.750000,45.200001,45.740002,39.355713,1346300
2008-08-13,45.689999,46.000000,44.970001,45.849998,39.450371,1117100
2008-08-14,45.599998,46.419998,45.470001,46.250000,39.794533,1364500
2008-08-15,46.279999,46.490002,46.000000,46.360001,39.889172,905100
2008-08-18,46.450001,46.500000,45.740002,45.849998,39.450371,915000
2008-08-19,45.650002,45.820000,44.959999,45.099998,38.805038,873900
2008-08-20,45.130001,45.200001,44.680000,45.070000,38.779240,1075600
2008-08-21,44.709999,45.430000,44.709999,45.340000,39.011551,786500
2008-08-22,45.349998,45.910000,45.270000,45.639999,39.269676,517900
2008-08-25,45.470001,45.470001,44.779999,45.009998,38.727608,794900
2008-08-26,44.840000,45.310001,44.759998,44.990002,38.710400,672200
2008-08-27,45.150002,45.290001,44.599998,45.049999,38.762028,911000
2008-08-28,45.320000,46.419998,45.320000,46.180000,39.734306,1087800
2008-08-29,46.150002,46.299999,45.740002,45.740002,39.355713,705900
2008-09-02,46.320000,47.200001,46.049999,46.160000,39.717102,1345200
2008-09-03,46.310001,46.549999,45.560001,46.130001,39.691288,934300
2008-09-04,45.900002,46.220001,45.369999,45.700001,39.321301,1459100
2008-09-05,45.509998,45.570000,44.750000,45.459999,39.114807,935500
2008-09-08,46.200001,47.180000,46.099998,47.119999,40.543091,1945200
2008-09-09,47.310001,47.810001,46.840000,47.090000,40.517288,2013700
2008-09-10,47.299999,47.720001,46.869999,46.970001,40.414043,1491700
2008-09-11,46.490002,47.959999,46.349998,47.900002,41.214233,1451700
2008-09-12,47.599998,48.419998,47.209999,48.380001,41.740517,1237500
2008-09-15,47.090000,48.720001,47.090000,47.570000,41.041691,1401500
2008-09-16,47.700001,49.070000,46.139999,48.700001,42.016598,1998600
2008-09-17,48.139999,48.360001,46.290001,46.380001,40.014984,2461300
2008-09-18,47.020000,52.160000,46.610001,49.389999,42.611919,3354900
2008-09-19,51.000000,51.990002,46.349998,50.009998,43.146824,2686500
2008-09-22,49.810001,49.810001,47.660000,47.750000,41.196968,1242300
2008-09-23,47.619999,49.450001,47.619999,47.759998,41.205605,1437200
2008-09-24,48.060001,48.660000,47.259998,48.040001,41.447182,1426200
2008-09-25,48.400002,49.950001,47.779999,49.419998,42.637791,1671100
2008-09-26,48.759998,49.799999,48.759998,49.700001,42.879353,1445400
2008-09-29,49.110001,49.110001,46.610001,47.049999,40.593048,2363100
2008-09-30,47.680000,48.700001,47.209999,48.520000,41.861305,2457600
2008-10-01,48.080002,49.990002,48.060001,48.990002,42.266811,2979700
2008-10-02,48.759998,49.480000,46.009998,46.389999,40.023621,3209500
2008-10-03,46.910000,47.279999,44.680000,45.119999,38.927891,2730800
2008-10-06,43.730000,43.730000,40.529999,42.700001,36.840023,4426700
2008-10-07,43.240002,43.500000,41.310001,41.360001,35.683910,4232400
2008-10-08,40.500000,44.980000,40.150002,42.500000,36.667458,4592300
2008-10-09,42.520000,43.630001,38.840000,38.840000,33.509762,3290800
2008-10-10,37.189999,40.939999,35.900002,39.500000,34.079182,4113400
2008-10-13,40.130001,44.110001,40.029999,44.009998,37.970234,2069000
2008-10-14,45.470001,45.830002,40.549999,42.189999,36.400005,2845900
2008-10-15,41.980000,41.980000,37.610001,37.630001,32.465801,2634900
2008-10-16,39.720001,40.380001,37.040001,40.380001,34.838398,4659500
2008-10-17,39.400002,41.349998,38.369999,39.849998,34.381145,3118700
2008-10-20,39.529999,42.810001,39.500000,42.810001,36.934921,2387200
2008-10-21,42.220001,42.990002,41.180000,41.340000,35.666645,1409800
2008-10-22,39.650002,40.560001,38.520000,38.930000,33.587406,2851400
2008-10-23,39.250000,41.000000,38.209999,40.200001,34.683117,3876400
2008-10-24,37.680000,39.060001,37.040001,37.790001,32.603836,3477800
2008-10-27,37.240002,38.180000,35.430000,35.430000,30.567726,3198200
2008-10-28,36.880001,37.150002,34.290001,37.000000,31.922264,4246800
2008-10-29,36.990002,38.020000,36.130001,36.680000,31.646194,2593700
2008-10-30,36.930000,38.330002,36.250000,37.750000,32.569324,2596200
2008-10-31,37.570000,37.770000,36.540001,37.259998,32.146580,2124100
2008-11-03,37.110001,37.799999,36.860001,37.380001,32.250122,1999600
2008-11-04,38.139999,39.310001,37.400002,38.959999,33.613270,1897500
2008-11-05,38.549999,38.869999,36.779999,36.910000,31.844606,1528600
2008-11-06,37.270000,37.270000,35.310001,35.320000,30.472830,2162600
2008-11-07,35.509998,36.810001,35.450001,36.570000,31.551266,1599000
2008-11-10,33.099998,34.299999,32.720001,33.360001,28.781803,5241500
2008-11-11,32.349998,32.500000,31.520000,31.780001,27.418638,5137800
2008-11-12,30.469999,31.480000,29.559999,30.620001,26.417828,10058600
2008-11-13,31.410000,34.270000,31.320000,34.070000,29.394369,26943400
2008-11-14,33.860001,33.860001,32.529999,32.770000,28.272772,5926700
2008-11-17,33.000000,33.740002,32.570000,33.080002,28.540230,4388900
2008-11-18,33.119999,33.939999,32.849998,33.919998,29.264959,4363900
2008-11-19,33.500000,34.500000,32.000000,32.009998,27.617079,3897500
2008-11-20,31.549999,33.389999,30.629999,30.830000,26.599010,4547000
2008-11-21,31.459999,33.320000,30.860001,33.070000,28.531597,5704600
2008-11-24,33.759998,34.590000,32.639999,34.099998,29.420254,3849100
2008-11-25,35.619999,36.369999,34.389999,36.259998,31.283813,4467300
2008-11-26,35.340000,37.730000,35.139999,37.619999,32.457180,3597800
2008-11-28,36.770000,38.389999,36.759998,38.389999,33.121502,1184500
2008-12-01,37.110001,37.110001,34.500000,34.570000,29.825758,2797400
2008-12-02,34.990002,35.549999,34.330002,35.549999,30.671255,2388100
2008-12-03,34.759998,36.560001,34.700001,36.330002,31.344212,3012300
2008-12-04,35.610001,36.400002,34.880001,35.439999,30.576349,2150500
2008-12-05,35.160000,37.000000,34.180000,36.930000,31.861881,2018400
2008-12-08,37.900002,38.849998,36.939999,37.709999,32.534824,2447600
2008-12-09,37.029999,38.630001,36.189999,36.509998,31.499508,2186000
2008-12-10,36.910000,37.580002,35.330002,35.639999,30.748909,2809100
2008-12-11,35.580002,36.439999,34.080002,34.360001,29.644567,2334300
2008-12-12,33.930000,35.759998,33.560001,35.560001,30.805407,1979500
2008-12-15,36.009998,36.200001,34.590000,35.049999,30.363579,1506800
2008-12-16,36.090000,37.009998,35.310001,36.869999,31.940241,2307500
2008-12-17,36.439999,37.020000,35.330002,35.529999,30.779402,2142300
2008-12-18,35.799999,36.290001,35.160000,35.410000,30.675457,1976200
2008-12-19,35.500000,36.490002,34.599998,34.709999,30.069048,3417700
2008-12-22,34.639999,35.290001,33.430000,33.980000,29.436657,1570400
2008-12-23,34.549999,34.549999,33.459999,33.779999,29.263393,1317100
2008-12-24,34.040001,34.169998,33.619999,33.750000,29.237425,500700
2008-12-26,33.869999,34.119999,33.730000,34.060001,29.505959,670800
2008-12-29,33.900002,34.180000,33.369999,33.770000,29.254734,1237500
2008-12-30,34.369999,34.939999,33.900002,34.380001,29.783171,1850600
2008-12-31,34.759998,35.439999,33.919998,35.150002,30.450224,1754800
2009-01-02,35.700001,35.980000,34.799999,35.830002,31.039295,1197000
2009-01-05,35.560001,35.740002,34.560001,35.150002,30.450224,2352300
2009-01-06,35.560001,35.689999,33.919998,34.400002,29.800497,2537500
2009-01-07,34.139999,35.220001,33.689999,34.330002,29.739864,3624400
2009-01-08,34.240002,34.340000,33.669998,34.020000,29.471296,2592600
2009-01-09,34.200001,34.200001,33.389999,33.509998,29.029499,2139600
2009-01-12,33.369999,33.810001,33.000000,33.570000,29.081474,2146000
2009-01-13,33.369999,34.060001,33.230000,33.799999,29.280727,2380900
2009-01-14,33.270000,33.990002,32.860001,33.009998,28.596350,2252700
2009-01-15,34.500000,36.080002,34.299999,35.520000,30.770760,5758800
2009-01-16,36.450001,36.779999,35.650002,36.599998,31.706345,2851900
2009-01-20,36.040001,36.349998,34.810001,34.869999,30.207655,1909000
2009-01-21,35.060001,36.430000,34.689999,36.369999,31.507103,2260600
2009-01-22,35.689999,36.139999,35.060001,35.480000,30.736090,2308800
2009-01-23,35.040001,35.509998,34.439999,34.970001,30.294289,3091400
2009-01-26,35.060001,35.470001,34.430000,34.720001,30.077732,2596200
2009-01-27,35.070000,35.299999,34.400002,34.740002,30.095041,2068800
2009-01-28,35.349998,35.490002,34.840000,35.259998,30.545515,1818000
2009-01-29,35.070000,35.529999,34.570000,34.709999,30.069048,1553700
2009-01-30,34.560001,34.939999,33.680000,33.959999,29.419323,2542500
2009-02-02,33.470001,34.180000,33.279999,33.820000,29.298052,2292100
2009-02-03,33.849998,34.139999,33.630001,34.070000,29.514622,2313800
2009-02-04,34.049999,34.880001,33.790001,34.180000,29.609911,2014800
2009-02-05,33.849998,35.049999,33.619999,34.810001,30.155689,1712200
2009-02-06,34.610001,35.860001,34.610001,35.779999,30.995985,1868000
2009-02-09,35.849998,36.000000,34.959999,35.180000,30.476204,1482400
2009-02-10,34.630001,35.180000,33.750000,33.959999,29.419323,2336600
2009-02-11,34.150002,34.590000,33.700001,34.250000,29.670563,2205100
2009-02-12,33.209999,33.549999,29.900000,32.599998,28.241167,7335100
2009-02-13,32.090000,33.299999,31.540001,32.880001,28.483732,2272000
2009-02-17,32.000000,33.240002,31.500000,32.740002,28.362452,3211500
2009-02-18,32.750000,33.419998,32.189999,32.439999,28.102564,3062400
2009-02-19,33.119999,33.700001,32.790001,33.480000,29.003513,3486600
2009-02-20,32.990002,33.279999,31.730000,32.790001,28.405769,2495700
2009-02-23,33.080002,33.299999,31.930000,32.040001,27.756050,3014800
2009-02-24,32.020000,33.189999,32.020000,32.980000,28.570366,3375900
2009-02-25,32.860001,33.150002,32.270000,32.520000,28.171865,2735200
2009-02-26,32.590000,32.799999,31.850000,32.000000,27.721399,2364700
2009-02-27,31.440001,32.150002,31.440001,31.780001,27.530815,2737700
2009-03-02,31.200001,31.930000,30.990000,31.100000,26.941734,3815400
2009-03-03,31.459999,31.620001,30.480000,30.559999,26.473930,2916300
2009-03-04,30.969999,31.190001,30.510000,30.770000,26.655861,3680700
2009-03-05,30.150000,30.330000,29.510000,30.100000,26.075438,4383300
2009-03-06,30.330000,30.450001,29.270000,29.900000,26.023216,3080400
2009-03-09,29.600000,30.240000,29.410000,29.850000,25.979698,3155700
2009-03-10,30.360001,31.129999,29.620001,30.850000,26.850042,3695500
2009-03-11,30.879999,31.299999,30.700001,31.100000,27.067633,4420100
2009-03-12,30.920000,31.780001,30.450001,31.690001,27.581129,3038400
2009-03-13,31.870001,32.360001,31.450001,32.230000,28.051115,2333300
2009-03-16,32.439999,32.910000,32.080002,32.139999,27.972788,3037600
2009-03-17,32.080002,33.000000,31.830000,33.000000,28.721281,2927200
2009-03-18,32.660000,33.290001,32.419998,33.080002,28.790907,3141000
2009-03-19,33.540001,33.639999,32.740002,32.799999,28.547218,2663700
2009-03-20,32.889999,33.130001,32.279999,32.320000,28.129442,2204000
2009-03-23,32.919998,33.990002,31.600000,33.959999,29.556797,2231700
2009-03-24,33.619999,34.419998,33.520000,33.770000,29.391438,2480300
2009-03-25,34.049999,34.520000,33.580002,34.340000,29.887533,3169100
2009-03-26,34.730000,35.250000,34.459999,35.130001,30.575106,2483700
2009-03-27,34.849998,34.980000,34.000000,34.250000,29.809212,1662300
2009-03-30,33.869999,34.230000,33.290001,34.180000,29.748276,1947600
2009-03-31,34.590000,35.119999,33.990002,34.730000,30.226978,2218100
2009-04-01,34.330002,35.029999,34.110001,34.810001,30.296606,2583400
2009-04-02,35.400002,35.910000,35.040001,35.330002,30.749176,2764200
2009-04-03,35.360001,35.820000,35.009998,35.820000,31.175634,2077300
2009-04-06,35.680000,35.840000,35.200001,35.779999,31.140825,1217700
2009-04-07,35.299999,35.959999,35.240002,35.430000,30.836212,1859000
2009-04-08,35.509998,36.189999,35.400002,36.150002,31.462849,1369700
2009-04-09,36.849998,37.000000,36.580002,36.970001,32.176544,1409200
2009-04-13,36.740002,37.099998,36.250000,36.810001,32.037270,1470200
2009-04-14,36.349998,37.310001,36.119999,37.110001,32.298386,1982900
2009-04-15,37.060001,37.610001,36.939999,37.389999,32.542072,2031600
2009-04-16,37.540001,37.610001,36.990002,37.250000,32.420231,1649400
2009-04-17,37.430000,37.939999,37.099998,37.669998,32.785778,1990100
2009-04-20,37.290001,37.590000,37.200001,37.439999,32.585594,2270500
2009-04-21,37.400002,37.490002,37.009998,37.490002,32.629108,1863900
2009-04-22,37.250000,37.669998,36.919998,37.029999,32.228756,2349400
2009-04-23,37.029999,37.290001,36.770000,37.099998,32.289680,2647500
2009-04-24,37.360001,38.160000,37.110001,37.910000,32.994663,1700600
2009-04-27,37.540001,38.200001,37.349998,37.410000,32.559494,2254000
2009-04-28,37.119999,38.540001,37.119999,38.189999,33.238342,2219100
2009-04-29,38.439999,39.209999,38.380001,38.950001,33.899807,1701600
2009-04-30,39.450001,39.549999,38.279999,38.549999,33.551659,1888000
2009-05-01,38.480000,38.549999,37.759998,38.099998,33.160019,1631400
2009-05-04,38.389999,40.000000,38.389999,39.900002,34.726631,2590100
2009-05-05,39.820000,39.830002,39.389999,39.570000,34.439419,1369100
2009-05-06,39.959999,40.040001,38.689999,38.869999,33.830181,1867400
2009-05-07,39.000000,39.139999,38.369999,38.619999,33.612587,2145900
2009-05-08,39.080002,39.080002,38.169998,38.340000,33.368908,2112600
2009-05-11,37.990002,38.250000,37.630001,37.779999,32.881493,2038500
2009-05-12,38.080002,38.389999,37.669998,38.169998,33.220940,1427400
2009-05-13,37.810001,37.810001,36.470001,36.619999,31.871925,2056100
2009-05-14,36.599998,37.270000,36.520000,37.000000,32.202641,1744400
2009-05-15,36.369999,36.689999,36.009998,36.259998,31.558594,2294300
2009-05-18,36.529999,36.889999,36.389999,36.840000,32.063381,1736700
2009-05-19,36.779999,37.020000,36.459999,36.580002,31.837105,2099200
2009-05-20,36.790001,37.630001,36.660000,37.060001,32.254864,1711200
2009-05-21,36.700001,36.970001,36.439999,36.700001,31.941544,1744600
2009-05-22,36.820000,37.310001,36.700001,36.720001,31.958958,1087600
2009-05-26,36.389999,37.740002,36.360001,37.669998,32.785778,1256900
2009-05-27,37.540001,37.700001,36.430000,36.540001,31.802296,1656600
2009-05-28,36.840000,36.980000,36.250000,36.709999,31.950253,1828900
2009-05-29,36.959999,37.349998,36.669998,37.349998,32.507267,1757100
2009-06-01,37.759998,38.680000,37.639999,38.549999,33.551659,1593500
2009-06-02,38.470001,38.639999,38.189999,38.310001,33.342793,2213600
2009-06-03,38.020000,38.360001,37.419998,37.779999,32.881493,2183500
2009-06-04,37.959999,37.959999,37.320000,37.599998,32.724842,1845200
2009-06-05,38.040001,38.150002,37.130001,37.400002,32.550774,2064600
2009-06-08,37.160000,37.880001,36.950001,37.580002,32.707439,1827200
2009-06-09,37.830002,38.529999,37.419998,38.349998,33.377617,1593600
2009-06-10,38.410000,38.669998,37.139999,37.799999,32.898899,1941900
2009-06-11,37.939999,38.709999,37.939999,38.419998,33.438522,1646300
2009-06-12,38.209999,38.799999,37.939999,38.689999,33.796684,1602200
2009-06-15,38.349998,38.470001,37.950001,38.139999,33.316238,1894100
2009-06-16,38.380001,38.380001,37.200001,37.209999,32.503860,1901500
2009-06-17,37.090000,38.470001,36.959999,38.240002,33.403591,3076400
2009-06-18,38.290001,38.549999,38.029999,38.130001,33.307503,1534600
2009-06-19,38.400002,38.520000,37.660000,37.810001,33.027966,1870300
2009-06-22,37.380001,37.869999,37.110001,37.439999,32.704773,1740800
2009-06-23,37.490002,37.570000,37.070000,37.430000,32.696030,1381000
2009-06-24,37.750000,38.169998,37.439999,38.130001,33.307503,2247000
2009-06-25,38.000000,39.470001,37.740002,39.439999,34.451794,2339400
2009-06-26,39.369999,39.500000,38.529999,38.630001,33.744263,5178400
2009-06-29,38.869999,39.189999,38.599998,39.060001,34.119877,1560400
2009-06-30,39.049999,39.160000,38.770000,38.990002,34.058735,1656000
2009-07-01,39.119999,39.189999,38.910000,38.959999,34.032520,1438700
2009-07-02,38.610001,38.610001,38.060001,38.230000,33.394844,1005300
2009-07-06,37.840000,38.400002,37.610001,38.349998,33.499676,1180600
2009-07-07,38.029999,38.520000,37.549999,37.610001,32.853275,1387100
2009-07-08,37.669998,38.000000,37.189999,37.660000,32.896946,1376100
2009-07-09,37.779999,38.090000,37.080002,37.180000,32.477650,1727700
2009-07-10,37.070000,37.509998,36.889999,37.310001,32.591209,1035900
2009-07-13,37.340000,38.049999,37.029999,38.049999,33.237637,1670300
2009-07-14,38.049999,38.099998,37.500000,37.750000,32.975555,1593600
2009-07-15,38.130001,38.369999,37.660000,37.919998,33.124069,3641800
2009-07-16,37.770000,38.240002,37.520000,38.090000,33.272568,2742800
2009-07-17,38.000000,38.340000,37.849998,38.209999,33.377377,1327800
2009-07-20,38.459999,38.459999,37.520000,38.369999,33.517147,1849500
2009-07-21,38.720001,38.970001,37.650002,38.169998,33.342438,2283900
2009-07-22,37.869999,38.540001,37.860001,38.480000,33.613224,1320900
2009-07-23,38.349998,39.480000,38.250000,39.389999,34.408154,1696000
2009-07-24,39.150002,40.110001,38.790001,40.099998,35.028339,1825900
2009-07-27,40.209999,40.480000,39.950001,40.419998,35.307873,1916900
2009-07-28,39.820000,40.060001,39.279999,40.040001,34.975929,1948300
2009-07-29,40.480000,41.060001,40.130001,40.900002,35.727161,1556600
2009-07-30,41.250000,41.759998,41.139999,41.299999,36.076569,1295200
2009-07-31,41.389999,41.840000,41.139999,41.509998,36.260014,1200400
2009-08-03,41.680000,42.639999,41.480000,42.590000,37.203411,1805300
2009-08-04,42.450001,42.590000,42.009998,42.290001,36.941364,1397200
2009-08-05,42.230000,42.320000,41.680000,41.980000,36.670578,1403300
2009-08-06,42.200001,42.389999,41.669998,41.869999,36.574493,1695600
2009-08-07,42.110001,42.430000,41.840000,42.009998,36.696777,1493400
2009-08-10,41.750000,41.950001,41.619999,41.880001,36.583214,1203900
2009-08-11,41.630001,41.970001,41.450001,41.830002,36.539543,1019600
2009-08-12,41.599998,42.230000,41.580002,41.880001,36.583214,1902300
2009-08-13,42.130001,42.549999,41.669998,42.270000,36.923878,1124600
2009-08-14,42.189999,42.389999,41.380001,42.070000,36.749199,1156200
2009-08-17,41.369999,41.770000,41.090000,41.610001,36.347378,1836100
2009-08-18,41.700001,42.380001,41.610001,42.310001,36.958832,1577400
2009-08-19,41.799999,43.189999,41.650002,42.880001,37.456749,1818300
2009-08-20,42.889999,43.119999,42.290001,42.470001,37.098598,1431300
2009-08-21,42.830002,43.099998,42.549999,42.980000,37.544094,2357300
2009-08-24,43.029999,43.099998,42.250000,42.290001,36.941364,1462500
2009-08-25,42.669998,42.680000,41.919998,42.000000,36.688038,1762500
2009-08-26,42.000000,42.119999,41.750000,41.959999,36.653099,1520400
2009-08-27,41.889999,42.290001,41.750000,41.980000,36.670578,2246900
2009-08-28,42.180000,42.360001,41.540001,42.060001,36.740448,1963000
2009-08-31,41.709999,42.410000,41.630001,42.290001,36.941364,1950000
2009-09-01,42.049999,42.680000,41.869999,42.009998,36.696777,2309200
2009-09-02,41.900002,42.700001,41.900002,42.430000,37.063652,2443600
2009-09-03,42.700001,42.810001,42.270000,42.580002,37.194683,2000800
2009-09-04,42.430000,42.779999,42.279999,42.779999,37.369400,1285100
2009-09-08,43.009998,43.290001,42.779999,43.240002,37.771229,2066100
2009-09-09,43.029999,43.689999,42.860001,43.669998,38.146835,2131400
2009-09-10,43.939999,44.380001,43.139999,44.380001,38.767033,2176300
2009-09-11,44.459999,44.759998,43.900002,44.000000,38.556717,2313800
2009-09-14,43.799999,45.990002,43.799999,45.889999,40.212910,4154500
2009-09-15,45.889999,46.299999,45.389999,46.110001,40.405693,3693400
2009-09-16,46.270000,47.470001,45.959999,47.320000,41.466007,3610400
2009-09-17,47.119999,47.529999,46.680000,47.480000,41.606216,4453200
2009-09-18,47.490002,47.880001,46.720001,47.049999,41.229404,13183700
2009-09-21,46.759998,47.200001,46.389999,46.669998,40.896412,3150200
2009-09-22,46.930000,47.020000,46.060001,46.330002,40.598484,2406400
2009-09-23,46.119999,46.570000,45.799999,45.799999,40.134037,2668800
2009-09-24,45.959999,46.419998,45.700001,45.910000,40.230431,1941300
2009-09-25,45.860001,46.009998,45.279999,45.799999,40.134037,2010700
2009-09-28,45.910000,46.540001,45.860001,46.389999,40.651066,994400
2009-09-29,46.230000,46.639999,45.860001,45.889999,40.212910,1097300
2009-09-30,46.000000,46.869999,45.840000,46.230000,40.510838,2135300
2009-10-01,46.259998,46.259998,45.150002,45.169998,39.581982,2116000
2009-10-02,45.040001,45.389999,44.799999,44.900002,39.345383,1941500
2009-10-05,44.900002,45.439999,44.759998,45.430000,39.809818,1333400
2009-10-06,45.950001,46.119999,45.470001,45.860001,40.186626,1013600
2009-10-07,45.820000,45.950001,45.220001,45.490002,39.862389,1268400
2009-10-08,45.900002,46.430000,45.869999,46.020000,40.326824,1431300
2009-10-09,46.090000,46.279999,45.570000,45.939999,40.256721,1760800
2009-10-12,46.029999,46.509998,45.900002,46.119999,40.414463,966600
2009-10-13,45.930000,46.270000,45.790001,46.110001,40.405693,880300
2009-10-14,46.750000,46.750000,46.090000,46.570000,40.808777,1191900
2009-10-15,46.400002,46.599998,46.049999,46.380001,40.642296,1227200
2009-10-16,46.189999,46.619999,46.119999,46.290001,40.563416,1621100
2009-10-19,46.340000,46.799999,46.150002,46.580002,40.817554,908800
2009-10-20,46.369999,46.430000,45.910000,46.169998,40.458275,1215900
2009-10-21,46.119999,46.830002,45.730000,45.869999,40.195389,1278900
2009-10-22,45.889999,46.590000,45.779999,46.330002,40.598484,957300
2009-10-23,46.220001,46.400002,45.700001,46.099998,40.396927,1613200
2009-10-26,46.150002,46.889999,45.619999,45.930000,40.247963,1600700
2009-10-27,46.639999,46.790001,44.650002,44.950001,39.389194,2378700
2009-10-28,44.759998,45.169998,44.060001,44.150002,38.688164,2111200
2009-10-29,44.560001,44.919998,44.130001,44.759998,39.222698,1849400
2009-10-30,44.660000,44.980000,43.849998,43.959999,38.521660,1761700
2009-11-02,44.150002,44.520000,43.389999,44.049999,38.600533,1479000
2009-11-03,43.709999,44.759998,43.639999,44.509998,39.003632,2058400
2009-11-04,44.520000,45.000000,44.259998,44.330002,38.845898,1490900
2009-11-05,44.630001,45.209999,44.480000,45.139999,39.555687,1085200
2009-11-06,44.849998,45.369999,44.619999,45.180000,39.590740,1083800
2009-11-09,45.450001,46.139999,45.419998,46.139999,40.431988,1045600
2009-11-10,46.110001,46.540001,46.000000,46.380001,40.642296,927500
2009-11-11,46.680000,46.849998,46.090000,46.240002,40.519608,1075900
2009-11-12,46.070000,46.369999,45.410000,45.540001,39.906208,1277900
2009-11-13,45.660000,46.320000,45.500000,45.930000,40.247963,1108200
2009-11-16,46.070000,46.169998,45.810001,46.150002,40.440750,1607600
2009-11-17,46.160000,46.380001,46.000000,46.360001,40.624767,1108400
2009-11-18,46.320000,46.410000,45.759998,45.959999,40.274246,882500
2009-11-19,45.619999,45.680000,45.049999,45.290001,39.687149,983000
2009-11-20,45.160000,45.419998,44.950001,45.290001,39.687149,1052200
2009-11-23,45.439999,46.090000,45.380001,45.639999,39.993828,757500
2009-11-24,45.750000,45.750000,44.919998,45.099998,39.520634,976500
2009-11-25,45.119999,45.500000,44.869999,45.290001,39.687149,943600
2009-11-27,44.410000,44.889999,44.130001,44.450001,38.951061,488500
2009-11-30,44.500000,44.939999,44.119999,44.910000,39.354137,1090900
2009-12-01,45.160000,45.549999,45.080002,45.480000,39.853626,1336600
2009-12-02,45.570000,45.889999,45.439999,45.790001,40.125290,902700
2009-12-03,45.709999,46.060001,45.070000,45.099998,39.520634,931600
2009-12-04,45.610001,46.099998,44.990002,45.209999,39.617027,1348300
2009-12-07,45.259998,45.349998,44.590000,44.919998,39.362907,1048900
2009-12-08,44.590000,44.880001,44.290001,44.500000,38.994869,1048400
2009-12-09,44.610001,45.110001,44.230000,45.070000,39.494347,844700
2009-12-10,45.299999,45.660000,45.299999,45.549999,39.914967,990700
2009-12-11,45.700001,45.919998,44.830002,45.169998,39.717133,876600
2009-12-14,45.290001,45.660000,45.070000,45.410000,39.928154,734600
2009-12-15,45.450001,45.490002,44.900002,45.000000,39.567650,1014200
2009-12-16,45.139999,45.500000,44.910000,45.310001,39.840229,1145200
2009-12-17,44.930000,45.090000,44.630001,44.720001,39.321442,893400
2009-12-18,44.900002,44.980000,44.259998,44.709999,39.312656,1671500
2009-12-21,44.720001,45.099998,44.630001,44.820000,39.409386,770300
2009-12-22,44.849998,45.119999,44.650002,44.720001,39.321442,1104500
2009-12-23,44.840000,45.110001,44.570000,44.880001,39.462143,802100
2009-12-24,45.060001,45.220001,44.930000,45.220001,39.761097,426200
2009-12-28,45.369999,45.369999,44.990002,45.220001,39.761097,574200
2009-12-29,45.340000,45.490002,45.150002,45.349998,39.875393,411000
2009-12-30,45.139999,45.369999,45.009998,45.209999,39.752296,473200
2009-12-31,45.209999,45.240002,44.560001,44.580002,39.198353,471900
2010-01-04,45.029999,45.340000,44.860001,45.250000,39.787479,1009500
2010-01-05,45.119999,45.139999,44.310001,44.560001,39.180756,1098400
2010-01-06,44.529999,44.849998,44.150002,44.430000,39.066471,1479700
2010-01-07,44.520000,45.009998,44.029999,44.910000,39.488514,1350100
2010-01-08,44.730000,45.349998,44.619999,45.290001,39.822651,1694600
2010-01-11,45.490002,46.369999,45.430000,46.279999,40.693119,1588600
2010-01-12,46.029999,46.490002,45.790001,46.430000,40.825027,1786000
2010-01-13,46.310001,47.090000,46.310001,47.060001,41.378975,1468700
2010-01-14,46.840000,46.970001,46.189999,46.389999,40.789856,1137600
2010-01-15,46.340000,46.700001,45.869999,46.139999,40.570034,983000
2010-01-19,46.160000,46.939999,46.139999,46.919998,41.255871,1042300
2010-01-20,46.529999,47.400002,46.459999,47.099998,41.414143,1933200
2010-01-21,47.110001,47.250000,45.779999,45.810001,40.279881,2186200
2010-01-22,45.680000,45.900002,44.840000,44.869999,39.453350,1573200
2010-01-25,45.169998,45.490002,45.009998,45.070000,39.629208,869200
2010-01-26,44.910000,45.270000,44.400002,44.509998,39.136810,1151400
2010-01-27,44.720001,44.910000,44.160000,44.650002,39.259918,1212800
2010-01-28,44.840000,44.849998,43.889999,43.900002,38.600437,1738200
2010-01-29,44.299999,44.869999,43.860001,43.900002,38.600437,1957100
2010-02-01,44.070000,44.389999,43.840000,44.369999,39.013695,1285900
2010-02-02,44.400002,44.759998,44.080002,44.680000,39.286282,1308200
2010-02-03,44.450001,44.869999,44.220001,44.520000,39.145584,1188800
2010-02-04,44.139999,44.310001,43.139999,43.160000,37.949783,1961400
2010-02-05,43.180000,43.650002,42.150002,43.369999,38.134418,2798900
2010-02-08,43.450001,44.349998,43.009998,43.520000,38.266323,1898500
2010-02-09,44.020000,44.560001,43.680000,44.160000,38.829060,1574900
2010-02-10,43.990002,44.270000,43.570000,43.779999,38.494926,2042000
2010-02-11,42.389999,42.860001,41.139999,41.330002,36.340683,6666000
2010-02-12,41.150002,41.880001,40.660000,41.790001,36.745155,3400100
2010-02-16,42.110001,42.400002,41.660000,42.380001,37.263927,2233800
2010-02-17,42.250000,42.619999,42.090000,42.360001,37.246357,2671200
2010-02-18,42.299999,42.840000,42.290001,42.720001,37.562889,1416300
2010-02-19,42.500000,42.820000,42.340000,42.570000,37.430988,1704600
2010-02-22,42.590000,42.750000,42.049999,42.119999,37.035324,1852500
2010-02-23,42.009998,42.150002,41.490002,41.580002,36.560501,2221900
2010-02-24,41.869999,42.119999,41.570000,42.009998,36.938606,1778800
2010-02-25,41.459999,42.160000,41.020000,42.160000,37.070496,3252300
2010-02-26,41.980000,42.509998,41.980000,42.139999,37.052910,2149800
2010-03-01,42.439999,42.520000,41.869999,42.360001,37.246357,2512300
2010-03-02,42.360001,42.639999,42.060001,42.200001,37.105671,2603000
2010-03-03,42.209999,42.860001,42.209999,42.669998,37.518929,2211100
2010-03-04,42.669998,42.900002,42.520000,42.680000,37.527721,2002200
2010-03-05,42.770000,43.230000,42.570000,43.099998,38.035156,1607900
2010-03-08,43.090000,43.110001,42.599998,42.700001,37.682156,1970100
2010-03-09,42.630001,42.840000,42.360001,42.549999,37.549778,1616800
2010-03-10,42.439999,42.720001,42.060001,42.580002,37.576260,1939900
2010-03-11,42.380001,42.700001,42.110001,42.700001,37.682156,1216800
2010-03-12,42.779999,43.889999,42.779999,43.619999,38.494041,3008400
2010-03-15,43.480000,43.730000,43.169998,43.529999,38.414608,1324500
2010-03-16,43.290001,43.740002,43.290001,43.709999,38.573463,1230800
2010-03-17,43.840000,43.900002,43.400002,43.599998,38.476398,2013100
2010-03-18,43.630001,43.660000,43.139999,43.139999,38.070446,2571000
2010-03-19,43.189999,43.470001,43.000000,43.189999,38.114567,2327500
2010-03-22,43.070000,43.490002,43.029999,43.389999,38.291061,1306400
2010-03-23,43.400002,43.509998,43.020000,43.419998,38.317532,2014300
2010-03-24,43.340000,43.580002,43.139999,43.290001,38.202827,1830000
2010-03-25,43.599998,43.599998,43.080002,43.099998,38.035156,1931100
2010-03-26,43.139999,43.630001,43.080002,43.490002,38.379322,1609700
2010-03-29,43.540001,43.840000,43.369999,43.630001,38.502853,1407600
2010-03-30,43.709999,44.049999,43.650002,43.900002,38.741138,1422400
2010-03-31,43.610001,44.270000,43.610001,43.950001,38.785263,1765200
2010-04-01,44.099998,44.529999,44.099998,44.430000,39.208858,1440400
2010-04-05,44.430000,44.709999,44.290001,44.560001,39.323566,1336200
2010-04-06,44.220001,44.599998,44.160000,44.560001,39.323566,1586000
2010-04-07,44.549999,44.830002,44.360001,44.700001,39.447128,2616600
2010-04-08,44.540001,44.810001,44.330002,44.400002,39.182381,3262800
2010-04-09,44.549999,45.020000,44.439999,45.020000,39.729511,1507400
2010-04-12,45.000000,45.209999,44.820000,45.000000,39.711864,1683800
2010-04-13,45.009998,45.200001,45.000000,45.119999,39.817745,1295900
2010-04-14,45.150002,45.410000,45.000000,45.310001,39.985451,2087600
2010-04-15,45.200001,45.450001,45.020000,45.410000,40.073700,1666300
2010-04-16,45.250000,45.470001,44.830002,45.279999,39.958977,2246100
2010-04-19,45.119999,45.570000,44.869999,45.509998,40.161949,1453600
2010-04-20,45.700001,45.990002,45.520000,45.950001,40.550232,1388700
2010-04-21,45.880001,46.500000,45.799999,46.380001,40.929707,2426300
2010-04-22,46.299999,46.900002,46.279999,46.900002,41.388599,2635600
2010-04-23,46.840000,47.700001,46.630001,47.619999,42.023983,2610300
2010-04-26,47.689999,47.990002,47.520000,47.709999,42.103416,2989100
2010-04-27,47.599998,47.830002,46.820000,46.930000,41.415066,2444600
2010-04-28,47.220001,47.669998,47.060001,47.459999,41.882778,2135600
2010-04-29,47.810001,49.000000,47.689999,49.000000,43.241821,2986600
2010-04-30,49.099998,49.160000,48.799999,48.840000,43.100624,2460600
2010-05-03,49.340000,49.700001,48.970001,49.340000,43.541870,2467300
2010-05-04,49.000000,49.090000,48.230000,48.590000,42.879986,2608200
2010-05-05,48.060001,48.759998,47.939999,48.590000,42.879986,3204100
2010-05-06,48.380001,48.639999,46.310001,47.500000,41.918083,4210100
2010-05-07,47.549999,48.279999,47.119999,47.740002,42.129879,4689300
2010-05-10,49.180000,49.470001,48.419998,49.029999,43.268299,3235900
2010-05-11,48.549999,49.259998,48.240002,48.849998,43.109447,2361400
2010-05-12,48.910000,49.000000,48.279999,48.509998,42.809391,3392400
2010-05-13,48.509998,48.590000,48.040001,48.099998,42.447578,1978700
2010-05-14,47.720001,48.029999,47.240002,47.480000,41.900433,2394700
2010-05-17,47.619999,48.020000,47.099998,47.889999,42.262264,2385400
2010-05-18,48.150002,48.610001,47.639999,47.660000,42.059273,2032200
2010-05-19,47.580002,47.779999,47.000000,47.490002,41.909260,2431700
2010-05-20,46.580002,46.759998,45.549999,45.549999,40.197239,3814800
2010-05-21,45.009998,46.650002,45.000000,46.650002,41.167973,3845000
2010-05-24,46.500000,46.700001,46.049999,46.049999,40.638477,2196500
2010-05-25,45.110001,46.599998,44.939999,46.599998,41.123848,3692600
2010-05-26,46.689999,47.099998,46.070000,46.180000,40.753216,2154500
2010-05-27,46.830002,47.529999,46.630001,47.520000,41.935741,1499600
2010-05-28,47.349998,47.639999,46.990002,47.230000,41.679821,1608500
2010-06-01,46.980000,47.669998,46.650002,46.650002,41.167973,1768600
2010-06-02,46.939999,47.590000,46.599998,47.590000,41.997513,1546300
2010-06-03,47.680000,47.869999,47.200001,47.639999,42.041630,1645300
2010-06-04,46.799999,47.110001,46.110001,46.189999,40.762028,2297600
2010-06-07,46.040001,46.439999,45.400002,45.430000,40.091339,3184600
2010-06-08,45.580002,45.900002,45.189999,45.889999,40.497280,3603300
2010-06-09,46.060001,46.480000,45.360001,45.520000,40.170769,2556000
2010-06-10,46.090000,46.709999,45.930000,46.470001,41.009121,3500600
2010-06-11,46.000000,46.459999,45.099998,46.439999,41.119793,2739400
2010-06-14,46.830002,46.869999,45.919998,45.980000,40.712509,2548100
2010-06-15,46.130001,47.250000,46.000000,47.209999,41.801582,2485100
2010-06-16,47.000000,47.330002,46.919998,47.049999,41.659916,1167100
2010-06-17,47.290001,47.410000,46.630001,47.250000,41.837009,1577100
2010-06-18,47.410000,47.410000,46.919998,47.000000,41.615654,2090800
2010-06-21,47.400002,47.650002,46.509998,46.980000,41.597950,1976900
2010-06-22,46.849998,47.590000,46.599998,46.619999,41.279198,2468400
2010-06-23,46.580002,46.919998,46.279999,46.619999,41.279198,1942700
2010-06-24,46.380001,46.720001,45.610001,45.660000,40.429161,1676800
2010-06-25,45.689999,46.049999,45.369999,45.669998,40.438019,2713100
2010-06-28,45.830002,45.970001,45.180000,45.580002,40.358337,1714400
2010-06-29,44.900002,45.330002,44.520000,45.060001,39.897915,2763000
2010-06-30,44.919998,45.840000,44.869999,44.910000,39.765083,2831500
2010-07-01,44.799999,45.259998,44.689999,45.090000,39.924450,3459700
2010-07-02,45.090000,45.349998,44.660000,44.919998,39.773937,2532800
2010-07-06,45.520000,45.619999,44.869999,45.250000,40.066135,2032300
2010-07-07,45.340000,47.070000,45.320000,47.060001,41.668770,2400400
2010-07-08,47.400002,47.669998,46.939999,47.630001,42.173473,1710600
2010-07-09,47.490002,47.990002,47.450001,47.860001,42.377136,1339800
2010-07-12,47.720001,47.830002,47.220001,47.380001,41.952118,1470300
2010-07-13,47.849998,48.650002,47.439999,48.520000,42.961525,1582900
2010-07-14,48.189999,48.389999,47.810001,48.189999,42.669331,2029600
2010-07-15,48.230000,48.549999,47.840000,48.450001,42.899551,1425100
2010-07-16,48.150002,48.320000,47.470001,47.570000,42.120338,1534200
2010-07-19,47.770000,48.130001,47.389999,48.060001,42.554211,1674600
2010-07-20,47.740002,49.090000,47.689999,49.090000,43.466221,2247000
2010-07-21,49.250000,49.250000,47.770000,48.160000,42.642765,2035800
2010-07-22,48.459999,48.869999,48.209999,48.400002,42.855263,2703100
2010-07-23,48.410000,49.270000,48.340000,49.270000,43.625599,1882900
2010-07-26,49.389999,49.770000,49.320000,49.770000,44.068321,1710100
2010-07-27,46.270000,48.490002,46.049999,48.349998,42.811001,4552200
2010-07-28,48.330002,48.950001,48.040001,48.860001,43.262573,2218000
2010-07-29,49.230000,49.290001,48.500000,48.880001,43.280289,3441200
2010-07-30,48.619999,49.090000,48.520000,48.910000,43.306847,2569200
2010-08-02,49.330002,49.389999,48.889999,49.130001,43.501637,1920600
2010-08-03,49.009998,49.139999,48.750000,48.790001,43.200584,1538200
2010-08-04,48.910000,49.529999,48.799999,49.500000,43.829262,1619600
2010-08-05,49.290001,49.410000,49.099998,49.349998,43.696434,1309900
2010-08-06,49.070000,49.310001,48.639999,49.169998,43.537056,1221600
2010-08-09,49.259998,49.430000,49.130001,49.349998,43.696434,959300
2010-08-10,48.730000,49.189999,48.520000,48.959999,43.351112,1206300
2010-08-11,48.529999,48.570000,47.860001,47.869999,42.385990,1330700
2010-08-12,47.619999,48.279999,47.450001,48.040001,42.536514,1625900
2010-08-13,47.840000,48.029999,47.590000,47.700001,42.235466,938600
2010-08-16,47.480000,47.919998,47.320000,47.730000,42.262024,971700
2010-08-17,48.139999,48.590000,47.880001,48.380001,42.837559,1557400
2010-08-18,48.230000,48.230000,47.889999,48.049999,42.545368,1225200
2010-08-19,47.840000,47.840000,46.990002,47.090000,41.695339,1362900
2010-08-20,46.700001,47.480000,46.700001,47.450001,42.014091,1357800
2010-08-23,47.660000,47.669998,46.709999,46.720001,41.367725,1439000
2010-08-24,46.290001,46.790001,46.070000,46.439999,41.119793,1443200
2010-08-25,46.410000,46.750000,46.169998,46.560001,41.226063,2035000
2010-08-26,46.680000,46.880001,46.380001,46.500000,41.172935,1311900
2010-08-27,46.759998,47.630001,46.360001,47.619999,42.164616,1318700
2010-08-30,47.439999,47.570000,47.049999,47.160000,41.757324,951600
2010-08-31,47.020000,47.570000,46.630001,47.400002,41.969830,1470300
2010-09-01,48.029999,48.779999,47.799999,48.610001,43.041210,1786400
2010-09-02,48.790001,49.150002,48.509998,49.150002,43.519344,941600
2010-09-03,49.299999,49.480000,49.009998,49.410000,43.749569,1305300
2010-09-07,48.930000,49.189999,48.660000,48.689999,43.112041,1115500
2010-09-08,48.830002,49.290001,48.700001,49.060001,43.439663,1215500
2010-09-09,49.500000,49.500000,49.040001,49.189999,43.554771,920900
2010-09-10,49.299999,49.500000,48.720001,48.790001,43.200584,1558000
2010-09-13,49.130001,49.310001,48.939999,49.099998,43.475082,1423100
2010-09-14,49.040001,49.750000,49.029999,49.540001,43.864666,1285400
2010-09-15,49.400002,49.930000,49.250000,49.889999,44.174564,1533400
2010-09-16,49.669998,50.320000,49.500000,50.150002,44.404797,1482300
2010-09-17,49.970001,50.320000,49.689999,50.160000,44.551331,1566800
2010-09-20,50.320000,50.650002,50.110001,50.619999,44.959900,1472800
2010-09-21,50.619999,50.990002,50.340000,50.720001,45.048729,1347800
2010-09-22,50.770000,50.959999,50.369999,50.509998,44.862198,947900
2010-09-23,50.169998,50.590000,49.980000,50.029999,44.435879,805600
2010-09-24,50.480000,50.950001,50.439999,50.950001,45.253006,1104300
2010-09-27,51.020000,51.020000,50.529999,50.680000,45.013191,977300
2010-09-28,50.669998,50.700001,49.900002,50.619999,44.959900,1282700
2010-09-29,50.509998,50.810001,50.240002,50.570000,44.915485,916600
2010-09-30,50.810001,51.230000,50.490002,50.740002,45.066486,1146400
2010-10-01,50.959999,51.450001,50.910000,51.320000,45.581635,1345000
2010-10-04,51.299999,51.299999,50.540001,50.770000,45.093132,744400
2010-10-05,51.250000,52.160000,51.169998,52.099998,46.274422,1131800
2010-10-06,51.959999,52.160000,51.830002,52.160000,46.327713,907100
2010-10-07,52.389999,52.389999,51.389999,51.740002,45.954670,980000
2010-10-08,51.910000,51.910000,51.500000,51.639999,45.865845,962100
2010-10-11,51.830002,51.860001,51.480000,51.660000,45.883617,539400
2010-10-12,51.549999,51.930000,51.110001,51.860001,46.061260,839900
2010-10-13,52.020000,52.389999,51.740002,52.299999,46.452057,1148900
2010-10-14,52.320000,52.439999,51.590000,51.950001,46.141182,865000
2010-10-15,52.310001,52.459999,51.669998,52.060001,46.238876,1066800
2010-10-18,52.009998,52.009998,51.650002,51.730000,45.945786,961200
2010-10-19,51.240002,51.529999,50.619999,50.759998,45.084251,1756600
2010-10-20,50.910000,51.669998,50.740002,51.160000,45.439514,1605100
2010-10-21,51.380001,51.709999,51.279999,51.549999,45.785900,1789500
2010-10-22,51.560001,51.700001,51.290001,51.560001,45.794800,1149000
2010-10-25,51.720001,52.389999,51.610001,52.119999,46.292175,1847500
2010-10-26,51.860001,51.860001,48.650002,49.290001,43.778629,4541900
2010-10-27,49.099998,49.810001,48.650002,49.570000,44.027317,2759700
2010-10-28,49.880001,50.029999,48.939999,49.209999,43.707554,1884400
2010-10-29,49.119999,49.520000,48.860001,49.320000,43.805267,1150400
2010-11-01,49.450001,49.849998,49.099998,49.320000,43.805267,1441700
2010-11-02,49.770000,50.060001,49.380001,49.419998,43.894081,1151700
2010-11-03,49.529999,49.599998,48.910000,49.490002,43.956257,1252600
2010-11-04,49.950001,49.990002,49.139999,49.540001,44.000660,2039200
2010-11-05,49.509998,50.000000,49.310001,49.650002,44.098362,1644900
2010-11-08,49.389999,49.970001,49.340000,49.669998,44.116127,1652600
2010-11-09,49.610001,49.790001,48.599998,48.820000,43.361176,1737400
2010-11-10,48.830002,49.380001,48.599998,49.099998,43.609863,1431100
2010-11-11,48.849998,49.529999,48.810001,49.490002,43.956257,1390700
2010-11-12,49.279999,49.299999,48.700001,48.880001,43.414463,1250800
2010-11-15,48.970001,49.220001,48.209999,48.240002,42.846016,1822500
2010-11-16,47.849998,47.930000,47.259998,47.610001,42.286472,2097600
2010-11-17,47.680000,47.970001,47.500000,47.740002,42.401920,1558100
2010-11-18,48.080002,49.400002,48.020000,48.889999,43.423340,2275400
2010-11-19,48.880001,49.250000,48.660000,49.070000,43.583221,1164300
2010-11-22,48.820000,49.189999,48.189999,49.070000,43.583221,767900
2010-11-23,48.660000,48.680000,48.080002,48.419998,43.005898,1104400
2010-11-24,48.669998,49.139999,48.660000,49.119999,43.627636,843900
2010-11-26,48.759998,49.009998,48.450001,48.779999,43.325661,326000
2010-11-29,48.470001,48.709999,48.029999,48.560001,43.130234,1090200
2010-11-30,47.990002,48.320000,47.779999,47.810001,42.464104,1994400
2010-12-01,48.419998,48.560001,47.549999,47.880001,42.526283,2105200
2010-12-02,47.889999,48.230000,47.759998,47.959999,42.597328,1416600
2010-12-03,47.500000,48.180000,47.419998,47.590000,42.268700,1931200
2010-12-06,47.439999,47.580002,46.639999,47.040001,41.780205,3185200
2010-12-07,47.290001,47.450001,46.799999,47.220001,41.940079,2676000
2010-12-08,47.680000,47.810001,47.430000,47.549999,42.233185,3181200
2010-12-09,47.700001,48.150002,47.560001,47.810001,42.464104,2511900
2010-12-10,48.020000,48.540001,47.930000,47.990002,42.623989,3449400
2010-12-13,48.400002,49.200001,48.099998,48.939999,43.467754,2486200
2010-12-14,49.049999,49.599998,49.049999,49.560001,44.018433,2527300
2010-12-15,49.439999,49.669998,49.009998,49.040001,43.556572,1936700
2010-12-16,49.189999,49.770000,49.150002,49.770000,44.204956,1891500
2010-12-17,49.750000,50.130001,49.389999,50.070000,44.628319,2015000
2010-12-20,50.110001,50.590000,50.099998,50.330002,44.860073,1465200
2010-12-21,50.549999,50.790001,50.220001,50.240002,44.779835,1005500
2010-12-22,50.310001,50.310001,50.000000,50.259998,44.797668,705700
2010-12-23,50.230000,50.380001,50.139999,50.250000,44.788754,740300
2010-12-27,50.049999,50.340000,49.900002,50.259998,44.797668,606300
2010-12-28,50.279999,50.540001,49.900002,50.410000,44.931366,831700
2010-12-29,50.419998,50.639999,50.200001,50.330002,44.860073,658800
2010-12-30,50.250000,50.599998,50.209999,50.480000,44.993759,571900
2010-12-31,50.450001,50.900002,50.369999,50.419998,44.940281,690800
2011-01-03,50.630001,50.740002,50.470001,50.520000,45.029415,1456800
2011-01-04,50.560001,50.560001,49.270000,49.759998,44.352005,1430800
2011-01-05,49.660000,50.130001,49.470001,49.860001,44.441147,1738700
2011-01-06,49.900002,50.049999,49.400002,49.610001,44.218323,1493700
2011-01-07,49.759998,49.790001,49.070000,49.250000,43.897434,1255200
2011-01-10,49.160000,49.650002,48.799999,49.500000,44.120281,1163700
2011-01-11,49.599998,49.779999,48.919998,49.000000,43.674610,1151400
2011-01-12,49.180000,49.700001,48.970001,49.520000,44.138100,1830500
2011-01-13,49.580002,49.580002,48.869999,49.040001,43.710270,1821900
2011-01-14,49.009998,49.209999,48.520000,48.830002,43.523098,1900100
2011-01-18,48.970001,49.160000,48.490002,49.099998,43.763737,1185800
2011-01-19,48.990002,49.740002,48.990002,49.720001,44.316368,1963800
2011-01-20,49.669998,49.830002,49.389999,49.599998,44.209412,1389900
2011-01-21,50.150002,50.580002,49.880001,50.139999,44.690716,1752200
2011-01-24,50.160000,50.599998,49.840000,50.369999,44.895718,1322100
2011-01-25,50.330002,50.369999,49.610001,49.980000,44.548107,981000
2011-01-26,50.150002,50.490002,50.009998,50.450001,44.967026,770500
2011-01-27,50.349998,50.590000,49.919998,49.950001,44.521381,997700
2011-01-28,50.070000,50.160000,49.240002,49.259998,43.906349,895900
2011-01-31,49.459999,49.840000,49.360001,49.689999,44.289616,1056500
2011-02-01,49.900002,50.680000,49.740002,50.619999,45.118553,1182200
2011-02-02,50.480000,50.650002,49.950001,50.049999,44.610504,770800
2011-02-03,49.970001,50.330002,49.770000,50.200001,44.744194,929500
2011-02-04,50.150002,50.450001,49.959999,50.279999,44.815498,974500
2011-02-07,50.330002,50.580002,50.230000,50.459999,44.975922,823500
2011-02-08,50.400002,50.470001,49.970001,50.419998,44.940281,937200
2011-02-09,50.389999,50.389999,49.590000,49.790001,44.378754,713200
2011-02-10,49.709999,50.639999,49.599998,50.270000,44.806583,1070900
2011-02-11,50.080002,50.090000,49.419998,49.549999,44.164833,1249500
2011-02-14,49.619999,49.950001,49.380001,49.450001,44.075703,1198600
2011-02-15,49.279999,49.759998,49.180000,49.290001,43.933102,1347400
2011-02-16,49.349998,49.840000,49.209999,49.740002,44.334187,1506600
2011-02-17,48.180000,48.509998,47.000000,47.119999,41.998932,7283300
2011-02-18,47.410000,49.450001,47.340000,49.349998,43.986568,4259100
2011-02-22,48.790001,48.939999,48.029999,48.150002,42.916988,2263400
2011-02-23,48.070000,48.540001,47.650002,47.990002,42.774380,2413700
2011-02-24,47.939999,48.090000,47.160000,47.490002,42.328720,2359700
2011-02-25,47.610001,48.410000,47.230000,48.230000,42.988293,2168900
2011-02-28,48.160000,48.709999,47.730000,48.639999,43.353741,2589500
2011-03-01,48.680000,49.750000,48.430000,48.480000,43.211124,2356300
2011-03-02,48.330002,48.580002,48.049999,48.299999,43.050690,1427200
2011-03-03,48.730000,49.009998,48.470001,49.009998,43.683544,1779700
2011-03-04,48.680000,48.750000,48.000000,48.349998,43.249676,1109100
2011-03-07,48.509998,48.660000,47.389999,47.419998,42.417793,1681900
2011-03-08,47.590000,48.119999,47.320000,47.950001,42.891880,1430500
2011-03-09,47.950001,48.009998,47.290001,47.639999,42.614574,1936100
2011-03-10,47.230000,48.200001,46.799999,47.990002,42.927658,2776500
2011-03-11,47.590000,48.950001,47.590000,48.660000,43.526997,1693600
2011-03-14,48.459999,48.980000,48.290001,48.820000,43.670109,1585500
2011-03-15,47.869999,49.090000,47.810001,48.910000,43.750622,2120400
2011-03-16,48.730000,48.939999,47.849998,48.139999,43.061840,1726100
2011-03-17,48.720001,48.889999,47.779999,47.820000,42.775597,1894400
2011-03-18,48.470001,48.529999,47.570000,47.740002,42.704025,2599000
2011-03-21,48.200001,49.000000,48.130001,48.700001,43.562763,1724700
2011-03-22,48.689999,48.970001,48.590000,48.770000,43.625378,1513800
2011-03-23,48.720001,49.419998,48.360001,49.380001,44.171036,1370000
2011-03-24,49.490002,49.759998,49.000000,49.650002,44.412552,1616000
2011-03-25,49.689999,49.950001,49.490002,49.610001,44.376781,1218500
2011-03-28,49.630001,49.970001,49.549999,49.970001,44.698788,1569300
2011-03-29,49.869999,50.000000,49.459999,49.990002,44.716682,2021500
2011-03-30,50.080002,50.490002,49.919998,50.299999,44.993980,1298000
2011-03-31,50.310001,51.080002,50.250000,51.020000,45.638035,1638200
2011-04-01,51.189999,51.730000,51.049999,51.570000,46.130024,1691600
2011-04-04,51.689999,51.900002,51.400002,51.660000,46.210522,898800
2011-04-05,51.619999,52.250000,51.470001,52.009998,46.523602,1044500
2011-04-06,52.110001,52.320000,51.500000,51.750000,46.291031,1113100
2011-04-07,51.799999,52.000000,51.259998,51.470001,46.040569,1294100
2011-04-08,51.799999,51.889999,51.130001,51.520000,46.085285,849800
2011-04-11,51.500000,51.650002,51.029999,51.299999,45.888504,998000
2011-04-12,51.119999,51.240002,50.549999,50.779999,45.423347,1123000
2011-04-13,50.840000,51.060001,49.970001,50.459999,45.137108,1346600
2011-04-14,50.270000,50.660000,50.130001,50.459999,45.137108,1094700
2011-04-15,50.549999,50.980000,50.369999,50.939999,45.566467,1300800
2011-04-18,50.450001,51.630001,50.310001,50.740002,45.387581,2056800
2011-04-19,50.810001,51.450001,50.770000,51.369999,45.951103,1787600
2011-04-20,51.849998,51.900002,51.169998,51.360001,45.942181,1098500
2011-04-21,51.490002,51.770000,51.380001,51.750000,46.291031,674500
2011-04-25,51.639999,52.099998,51.500000,52.009998,46.523602,1272400
2011-04-26,51.990002,52.340000,51.250000,51.730000,46.273148,1500000
2011-04-27,51.889999,52.779999,51.549999,52.750000,47.185532,1730000
2011-04-28,52.590000,53.000000,52.450001,52.900002,47.319717,1126000
2011-04-29,52.860001,52.930000,52.450001,52.759998,47.194477,887000
2011-05-02,52.919998,53.000000,52.490002,52.580002,47.033478,870500
2011-05-03,52.500000,52.619999,51.919998,52.250000,46.738281,995400
2011-05-04,52.290001,52.349998,51.740002,52.180000,46.675671,1388800
2011-05-05,51.970001,52.220001,51.250000,51.669998,46.219463,1531000
2011-05-06,52.080002,52.700001,51.750000,51.880001,46.407326,1003900
2011-05-09,52.020000,52.599998,51.840000,52.470001,46.935078,797800
2011-05-10,52.709999,52.880001,52.509998,52.730000,47.167667,654400
2011-05-11,52.590000,52.669998,51.740002,52.070000,46.577282,779800
2011-05-12,52.000000,52.770000,51.580002,52.689999,47.131870,1628300
2011-05-13,52.610001,52.970001,51.849998,52.070000,46.577282,959200
2011-05-16,51.959999,52.700001,51.689999,52.169998,46.666721,916200
2011-05-17,51.980000,52.049999,51.240002,51.360001,45.942181,1508200
2011-05-18,51.570000,52.939999,51.279999,52.860001,47.283939,1490500
2011-05-19,52.860001,53.240002,52.520000,52.680000,47.122932,2136300
2011-05-20,52.680000,52.689999,51.910000,52.380001,46.854568,1088200
2011-05-23,52.049999,52.790001,51.880001,52.669998,47.113987,1479800
2011-05-24,52.759998,53.270000,52.580002,52.689999,47.131870,1277100
2011-05-25,52.560001,53.240002,52.419998,53.099998,47.498611,1261000
2011-05-26,52.939999,53.419998,52.560001,53.299999,47.677521,1256500
2011-05-27,53.160000,54.000000,53.150002,53.990002,48.294731,1259000
2011-05-31,54.160000,54.880001,54.000000,54.880001,49.090855,2292100
2011-06-01,54.500000,55.000000,54.230000,54.279999,48.554142,2833500
2011-06-02,54.279999,54.610001,54.020000,54.330002,48.598873,2116500
2011-06-03,53.840000,54.290001,53.700001,54.099998,48.393131,1918100
2011-06-06,53.959999,54.400002,53.689999,53.880001,48.196346,1499700
2011-06-07,54.099998,54.220001,53.880001,54.099998,48.393131,1826200
2011-06-08,54.000000,54.000000,53.540001,53.580002,47.927982,1868200
2011-06-09,53.730000,54.810001,53.700001,54.389999,48.652546,1923700
2011-06-10,54.220001,54.459999,53.709999,53.799999,48.124775,2027200
2011-06-13,53.830002,54.279999,53.709999,54.040001,48.339458,1345700
2011-06-14,54.430000,55.529999,54.410000,55.139999,49.323433,2128000
2011-06-15,54.840000,55.180000,54.570000,54.900002,49.108746,1809300
2011-06-16,55.029999,55.029999,53.810001,54.490002,48.741993,2382200
2011-06-17,54.680000,54.779999,53.830002,53.950001,48.414444,2326500
2011-06-20,53.950001,54.330002,53.750000,54.220001,48.656742,1757800
2011-06-21,54.450001,54.939999,54.369999,54.869999,49.240047,1142100
2011-06-22,54.590000,54.950001,54.470001,54.509998,48.916981,927300
2011-06-23,53.950001,54.520000,53.400002,54.520000,48.925953,1675600
2011-06-24,54.509998,54.639999,54.279999,54.419998,48.836208,997400
2011-06-27,54.290001,54.759998,53.750000,54.549999,48.952873,892500
2011-06-28,54.720001,55.070000,54.619999,55.060001,49.410553,911500
2011-06-29,55.180000,55.480000,54.849998,55.320000,49.643875,908800
2011-06-30,55.490002,56.450001,55.299999,56.380001,50.595100,1640400
2011-07-01,56.430000,56.820000,56.139999,56.759998,50.936115,1001300
2011-07-05,56.770000,56.980000,56.220001,56.389999,50.604092,1509100
2011-07-06,56.439999,56.840000,56.360001,56.619999,50.810482,1531400
2011-07-07,56.970001,57.189999,56.500000,56.639999,50.828430,1433000
2011-07-08,56.070000,56.570000,55.930000,56.500000,50.702805,970900
2011-07-11,56.020000,56.330002,55.790001,56.000000,50.254101,1062200
2011-07-12,55.919998,56.200001,55.619999,55.799999,50.074631,1483300
2011-07-13,56.119999,56.610001,55.930000,56.080002,50.325893,938300
2011-07-14,56.040001,56.160000,55.320000,55.480000,49.787453,1420600
2011-07-15,55.560001,55.750000,55.169998,55.720001,50.002831,1338600
2011-07-18,55.590000,55.740002,54.799999,55.009998,49.365696,1364700
2011-07-19,55.250000,55.459999,55.110001,55.389999,49.706688,1225700
2011-07-20,53.189999,53.500000,50.029999,51.310001,46.045319,23185200
2011-07-21,51.419998,53.209999,51.110001,53.200001,47.741379,12080400
2011-07-22,53.119999,53.200001,52.570000,53.049999,47.606781,11746900
2011-07-25,52.520000,53.099998,51.980000,51.980000,46.646576,4061500
2011-07-26,52.150002,52.169998,50.810001,50.880001,45.659439,4526500
2011-07-27,51.000000,51.150002,50.090000,50.150002,45.004345,4783500
2011-07-28,50.189999,50.680000,50.070000,50.070000,44.932545,3224800
2011-07-29,49.830002,50.669998,49.490002,50.000000,44.869740,3705900
2011-08-01,50.410000,50.599998,49.689999,49.770000,44.663349,7238200
2011-08-02,49.419998,49.849998,48.520000,48.529999,43.550568,4996600
2011-08-03,48.840000,49.560001,48.000000,49.529999,44.447964,6077000
2011-08-04,48.939999,49.259998,48.080002,48.160000,43.218525,7511100
2011-08-05,48.570000,48.660000,46.970001,47.779999,42.877525,8090300
2011-08-08,47.119999,47.209999,44.919998,44.959999,40.346863,6511100
2011-08-09,45.389999,46.310001,43.810001,46.259998,41.513466,7080700
2011-08-10,46.619999,46.619999,44.560001,44.750000,40.158409,6639100
2011-08-11,45.029999,47.020000,44.900002,46.500000,41.728844,5325800
2011-08-12,46.610001,47.610001,46.169998,47.060001,42.231403,4308800
2011-08-15,47.639999,47.680000,46.700001,47.259998,42.410881,3344300
2011-08-16,46.930000,47.270000,46.419998,46.590000,41.809620,3136800
2011-08-17,46.970001,47.189999,46.349998,46.529999,41.755787,3532100
2011-08-18,45.520000,45.770000,43.990002,44.680000,40.095585,3953800
2011-08-19,44.369999,45.310001,44.160000,44.529999,39.960991,3754500
2011-08-22,45.630001,46.060001,45.250000,45.910000,41.199402,4510800
2011-08-23,46.049999,49.060001,45.860001,49.060001,44.026192,8586900
2011-08-24,48.830002,49.779999,48.720001,49.750000,44.645386,5272400
2011-08-25,49.849998,50.000000,49.360001,49.779999,44.672318,4228000
2011-08-26,49.779999,50.840000,49.459999,50.799999,45.587639,4727800
2011-08-29,51.470001,52.410000,51.099998,52.410000,47.032467,2583400
2011-08-30,51.590000,53.080002,51.490002,52.820000,47.400387,2745900
2011-08-31,53.290001,53.709999,53.139999,53.599998,48.100365,4160800
2011-09-01,53.709999,53.770000,52.349998,52.410000,47.032467,2440800
2011-09-02,51.759998,52.340000,51.049999,51.650002,46.350437,2200300
2011-09-06,51.040001,51.910000,50.099998,51.830002,46.511974,3007400
2011-09-07,52.509998,53.130001,52.139999,53.130001,47.678581,2211600
2011-09-08,52.590000,52.950001,52.240002,52.310001,46.942719,2418200
2011-09-09,51.970001,51.970001,49.779999,50.200001,45.049210,3945700
2011-09-12,49.900002,50.279999,48.860001,49.770000,44.663349,3788200
2011-09-13,49.779999,50.480000,49.590000,50.320000,45.156914,2641700
2011-09-14,50.540001,51.740002,49.930000,51.310001,46.045319,2453400
2011-09-15,51.709999,51.860001,50.990002,51.570000,46.278641,2092400
2011-09-16,52.430000,52.500000,51.490002,51.889999,46.724377,2386000
2011-09-19,50.880001,51.520000,50.480000,51.320000,46.211117,1713200
2011-09-20,51.419998,52.119999,50.860001,51.410000,46.292156,1458600
2011-09-21,50.939999,51.480000,50.189999,50.230000,45.229622,2543900
2011-09-22,49.459999,49.630001,48.490002,49.189999,44.293137,6058000
2011-09-23,49.040001,49.700001,48.650002,49.040001,44.158089,2517400
2011-09-26,49.529999,50.310001,48.830002,50.270000,45.265640,2455700
2011-09-27,51.400002,51.919998,50.540001,51.090000,46.004017,2630200
2011-09-28,51.250000,51.360001,49.110001,49.279999,44.374203,3094200
2011-09-29,50.139999,50.389999,48.669998,49.330002,44.419220,2528100
2011-09-30,48.439999,49.759998,48.400002,48.889999,44.023022,2934200
2011-10-03,47.959999,49.520000,47.959999,48.070000,43.284649,3220100
2011-10-04,47.500000,49.759998,47.270000,49.689999,44.743378,5000000
2011-10-05,49.660000,50.820000,49.250000,50.619999,45.580799,2723800
2011-10-06,50.709999,51.380001,49.599998,50.090000,45.103565,3653100
2011-10-07,50.500000,50.980000,49.490002,50.250000,45.247627,3941200
2011-10-10,51.029999,51.910000,50.790001,51.869999,46.706356,2316300
2011-10-11,51.560001,52.700001,51.509998,52.250000,47.048527,1871700
2011-10-12,52.639999,53.380001,52.250000,52.779999,47.525772,3753700
2011-10-13,52.480000,52.910000,51.410000,52.639999,47.399704,2576300
2011-10-14,52.380001,52.820000,52.160000,52.790001,47.534786,2660500
2011-10-17,52.779999,52.810001,51.950001,52.349998,47.138580,2652500
2011-10-18,52.349998,53.590000,51.740002,53.290001,47.985008,3383600
2011-10-19,53.389999,53.779999,52.810001,53.180000,47.885956,2181400
2011-10-20,53.040001,53.470001,52.380001,53.200001,47.903957,1974200
2011-10-21,53.790001,53.959999,53.209999,53.919998,48.552277,2258900
2011-10-24,53.980000,54.599998,53.610001,54.330002,48.921467,2208700
2011-10-25,54.389999,54.630001,52.619999,52.660000,47.417709,2452000
2011-10-26,53.150002,53.720001,52.389999,53.549999,48.219120,2595800
2011-10-27,54.470001,55.570000,53.970001,55.200001,49.704857,3539400
2011-10-28,55.049999,55.599998,54.750000,55.000000,49.524773,1890900
2011-10-31,54.400002,54.560001,53.830002,53.840000,48.480244,2109800
2011-11-01,52.650002,53.310001,52.209999,52.470001,47.246635,2510300
2011-11-02,53.680000,54.560001,53.500000,54.160000,48.768379,3369900
2011-11-03,54.610001,55.689999,54.310001,55.610001,50.074036,2723900
2011-11-04,55.189999,55.310001,54.099998,55.029999,49.551781,2488900
2011-11-07,55.160000,55.709999,54.740002,55.680000,50.137070,2026200
2011-11-08,55.790001,56.240002,55.180000,56.150002,50.560280,1598500
2011-11-09,54.869999,54.990002,53.650002,53.810001,48.453239,2670100
2011-11-10,54.310001,54.910000,53.849998,54.720001,49.272648,2471400
2011-11-11,55.110001,56.209999,55.040001,56.180000,50.587307,1823300
2011-11-14,56.310001,56.310001,55.529999,55.630001,50.092049,1733400
2011-11-15,55.520000,56.009998,55.240002,55.639999,50.101055,1935000
2011-11-16,55.020000,55.820000,54.840000,54.900002,49.434715,1431000
2011-11-17,54.560001,55.049999,53.830002,54.169998,48.777393,1767500
2011-11-18,54.410000,54.580002,53.939999,54.220001,48.822418,3207500
2011-11-21,53.410000,53.750000,53.009998,53.110001,47.822926,3016800
2011-11-22,53.160000,53.549999,52.709999,53.009998,47.732864,2945100
2011-11-23,52.540001,53.150002,52.270000,52.680000,47.435734,3557100
2011-11-25,52.410000,53.560001,52.349998,53.509998,48.183094,2003800
2011-11-28,54.680000,55.400002,54.580002,55.360001,49.848934,3722500
2011-11-29,55.389999,55.709999,55.060001,55.470001,49.947990,3617300
2011-11-30,57.000000,57.599998,56.750000,57.020000,51.343693,15668200
2011-12-01,55.939999,56.509998,54.680000,55.619999,50.083050,10766600
2011-12-02,56.950001,57.250000,55.740002,55.840000,50.281147,3515500
2011-12-05,56.450001,56.639999,54.990002,55.230000,49.731865,3060100
2011-12-06,55.400002,55.750000,55.049999,55.580002,50.047047,2553800
2011-12-07,55.490002,55.549999,55.250000,55.389999,49.875942,4031800
2011-12-08,55.400002,55.900002,55.349998,55.419998,49.902954,8047100
2011-12-09,55.270000,56.380001,55.000000,55.900002,50.335186,4775700
2011-12-12,55.599998,55.619999,55.119999,55.310001,49.803921,2570600
2011-12-13,55.330002,55.580002,54.410000,54.669998,49.227623,2725600
2011-12-14,54.349998,54.860001,54.000000,54.080002,48.696362,2749600
2011-12-15,54.610001,54.650002,54.060001,54.349998,48.939476,1997200
2011-12-16,54.580002,55.270000,54.500000,54.720001,49.454639,3674600
2011-12-19,54.950001,55.040001,54.029999,54.110001,48.903324,2198800
2011-12-20,54.619999,55.599998,54.299999,55.480000,50.141499,2716500
2011-12-21,55.799999,56.270000,55.660000,56.150002,50.747028,2605800
2011-12-22,56.230000,56.470001,55.790001,56.330002,50.909710,1969100
2011-12-23,56.570000,56.950001,56.169998,56.910000,51.433907,1070700
2011-12-27,56.950001,57.410000,56.820000,57.250000,51.741192,1251200
2011-12-28,57.250000,57.250000,56.410000,56.540001,51.099510,1473700
2011-12-29,56.619999,57.700001,56.580002,57.630001,52.084610,2221500
2011-12-30,57.549999,58.130001,57.459999,57.810001,52.247299,1223500
2012-01-03,58.310001,58.580002,57.709999,58.020000,52.437088,2135600
2012-01-04,57.820000,58.360001,57.770000,58.070000,52.482281,1691300
2012-01-05,57.910000,58.299999,57.439999,58.209999,52.608818,1699000
2012-01-06,58.240002,58.529999,57.860001,58.290001,52.681114,1134600
2012-01-09,58.480000,58.560001,57.980000,58.549999,52.916092,1489700
2012-01-10,58.910000,59.380001,58.709999,58.880001,53.214348,1903700
2012-01-11,58.810001,59.529999,58.439999,59.330002,53.621037,1580200
2012-01-12,59.470001,59.880001,59.230000,59.810001,54.054855,1556000
2012-01-13,59.570000,59.799999,59.380001,59.689999,53.946392,1573000
2012-01-17,60.090000,60.180000,59.459999,59.639999,53.901211,1559600
2012-01-18,59.650002,60.619999,59.500000,60.540001,54.714600,1600100
2012-01-19,60.490002,60.599998,60.060001,60.150002,54.362125,2798600
2012-01-20,60.209999,60.790001,60.160000,60.380001,54.570000,1884100
2012-01-23,60.459999,60.820000,60.230000,60.410000,54.597122,1208900
2012-01-24,60.279999,61.389999,60.279999,60.990002,55.121311,2330800
2012-01-25,60.540001,61.119999,60.459999,60.939999,55.076122,2133600
2012-01-26,61.250000,61.419998,60.529999,60.759998,54.913433,2040800
2012-01-27,60.669998,60.880001,60.389999,60.509998,54.687492,1761000
2012-01-30,59.900002,60.360001,59.549999,60.270000,54.470596,2026100
2012-01-31,60.599998,60.790001,60.060001,60.439999,54.624226,1462700
2012-02-01,60.849998,61.180000,60.450001,60.610001,54.777874,1906400
2012-02-02,60.750000,60.880001,60.490002,60.500000,54.678463,1575100
2012-02-03,61.070000,61.650002,60.860001,61.529999,55.609352,1427000
2012-02-06,61.290001,61.580002,61.200001,61.290001,55.392437,1424200
2012-02-07,61.070000,61.820000,61.070000,61.680000,55.744915,1193400
2012-02-08,61.590000,62.099998,61.459999,61.860001,55.907600,1622300
2012-02-09,61.910000,61.910000,61.180000,61.650002,55.717793,1178500
2012-02-10,60.849998,61.340000,60.570000,61.200001,55.311100,1717700
2012-02-13,61.590000,61.720001,60.810001,61.450001,55.537045,1383000
2012-02-14,61.439999,61.779999,61.040001,61.310001,55.410522,1618800
2012-02-15,61.639999,61.950001,61.279999,61.709999,55.772018,1772000
2012-02-16,61.619999,62.160000,61.470001,61.980000,56.016041,1266600
2012-02-17,62.090000,62.240002,61.759998,61.849998,55.898567,1119800
2012-02-21,61.700001,62.240002,61.349998,61.650002,55.717793,1428200
2012-02-22,61.720001,62.049999,61.400002,61.939999,55.979900,1696500
2012-02-23,61.970001,62.240002,61.790001,62.169998,56.187759,1508900
2012-02-24,62.270000,62.730000,62.130001,62.689999,56.657722,1274600
2012-02-27,62.310001,62.860001,61.900002,62.619999,56.594471,1443200
2012-02-28,60.759998,61.930000,60.560001,61.750000,55.808178,2661900
2012-02-29,60.959999,61.220001,59.880001,60.000000,54.226559,4465800
2012-03-01,59.709999,60.369999,59.709999,60.110001,54.325981,2730000
2012-03-02,60.020000,60.220001,59.349998,59.549999,53.999531,2558000
2012-03-05,59.470001,59.750000,58.980000,59.400002,53.863518,2507800
2012-03-06,58.849998,59.480000,58.750000,59.340000,53.809113,2605000
2012-03-07,59.520000,59.610001,59.080002,59.360001,53.827248,2064300
2012-03-08,60.130001,60.220001,59.220001,59.330002,53.800045,1734200
2012-03-09,59.500000,59.869999,59.150002,59.709999,54.144634,1663600
2012-03-12,59.580002,59.880001,59.209999,59.230000,53.709370,1091200
2012-03-13,59.480000,60.119999,59.369999,60.029999,54.434795,1821500
2012-03-14,59.750000,60.320000,59.490002,59.820000,54.244366,2048600
2012-03-15,59.759998,59.889999,59.450001,59.820000,54.244366,1343900
2012-03-16,60.200001,60.290001,59.840000,60.070000,54.471066,3225000
2012-03-19,59.840000,60.459999,59.840000,60.209999,54.598026,961200
2012-03-20,60.029999,60.580002,59.919998,60.490002,54.851929,1627300
2012-03-21,60.439999,60.590000,60.099998,60.160000,54.552689,1574900
2012-03-22,59.730000,60.169998,59.230000,60.020000,54.425732,1843700
2012-03-23,60.099998,60.450001,59.630001,60.270000,54.652431,1307100
2012-03-26,60.529999,61.720001,60.500000,61.689999,55.940079,1653000
2012-03-27,61.610001,61.770000,61.230000,61.439999,55.713371,1608200
2012-03-28,61.500000,61.540001,60.910000,61.439999,55.713371,1496700
2012-03-29,61.150002,61.790001,60.970001,61.709999,55.958206,1119300
2012-03-30,62.000000,62.070000,61.610001,61.720001,55.967289,1333800
2012-04-02,61.590000,62.419998,61.459999,62.320000,56.511353,1285600
2012-04-03,62.330002,62.330002,61.740002,62.180000,56.384396,1138800
2012-04-04,61.810001,61.820000,61.330002,61.480000,55.749653,878300
2012-04-05,61.340000,61.740002,61.250000,61.500000,55.767784,1104100
2012-04-09,60.740002,61.360001,60.459999,61.230000,55.522957,1423400
2012-04-10,61.029999,61.180000,59.810001,59.919998,54.335056,1379400
2012-04-11,60.639999,60.840000,60.169998,60.290001,54.670567,1242400
2012-04-12,60.400002,61.919998,60.389999,61.820000,56.057957,1422300
2012-04-13,61.750000,61.970001,61.509998,61.610001,55.867527,1379700
2012-04-16,61.849998,62.080002,61.520000,61.790001,56.030754,1188200
2012-04-17,62.060001,62.880001,61.930000,62.570000,56.738068,2083100
2012-04-18,62.430000,62.650002,62.110001,62.450001,56.629223,1687000
2012-04-19,62.500000,62.740002,61.980000,62.259998,56.456947,1423400
2012-04-20,62.320000,62.529999,62.099998,62.220001,56.420685,1548300
2012-04-23,61.709999,62.049999,61.209999,62.040001,56.257458,1363200
2012-04-24,61.919998,62.160000,61.570000,62.110001,56.320930,1109900
2012-04-25,62.470001,62.689999,62.290001,62.689999,56.846878,1477300
2012-04-26,62.520000,63.200001,62.380001,62.970001,57.100780,984300
2012-04-27,63.200001,64.139999,63.029999,63.810001,57.862484,1422600
2012-04-30,63.759998,63.799999,63.070000,63.689999,57.753666,1612200
2012-05-01,63.500000,64.500000,63.000000,64.339996,58.343067,1741600
2012-05-02,63.980000,64.099998,63.189999,64.010002,58.043839,1623600
2012-05-03,64.000000,64.300003,63.689999,64.110001,58.134518,1597300
2012-05-04,63.730000,63.990002,63.340000,63.509998,57.590431,1127400
2012-05-07,63.419998,65.339996,63.009998,64.959999,58.905281,2723800
2012-05-08,64.629997,64.940002,64.029999,64.879997,58.832752,1405300
2012-05-09,64.250000,65.260002,64.120003,64.650002,58.624184,1856300
2012-05-10,65.080002,65.209999,64.629997,64.809998,58.769272,935300
2012-05-11,64.519997,65.070000,64.519997,64.709999,58.678596,744500
2012-05-14,64.239998,64.580002,63.889999,64.260002,58.270542,881200
2012-05-15,64.279999,64.599998,63.919998,64.260002,58.270542,983000
2012-05-16,64.559998,65.139999,64.260002,64.629997,58.606037,1513700
2012-05-17,64.739998,64.959999,62.730000,62.730000,56.883144,1697400
2012-05-18,63.060001,63.750000,62.610001,62.880001,57.019150,1855800
2012-05-21,62.889999,64.489998,62.860001,64.360001,58.361233,1322600
2012-05-22,64.540001,65.529999,64.489998,64.820000,58.778355,1905500
2012-05-23,64.510002,65.000000,63.439999,64.790001,58.751148,1400000
2012-05-24,65.029999,65.599998,64.779999,65.089996,59.023170,2052800
2012-05-25,65.059998,65.260002,64.199997,64.349998,58.352139,1503400
2012-05-29,64.800003,65.000000,64.260002,64.419998,58.415623,2114300
2012-05-30,64.000000,64.300003,63.830002,63.830002,57.880619,1684700
2012-05-31,63.740002,63.849998,63.009998,63.209999,57.318401,1977500
2012-06-01,62.259998,62.759998,61.709999,61.919998,56.148640,2016900
2012-06-04,62.000000,62.419998,61.450001,62.270000,56.466022,1959800
2012-06-05,62.020000,62.790001,61.840000,62.630001,56.792465,1111200
2012-06-06,62.900002,64.910004,62.900002,64.910004,58.859947,1834300
2012-06-07,65.290001,66.099998,65.160004,65.669998,59.549126,2349100
2012-06-08,65.449997,66.629997,65.129997,66.540001,60.338020,1449200
2012-06-11,66.900002,67.389999,65.519997,65.570000,59.458439,2298300
2012-06-12,65.750000,66.660004,65.379997,66.610001,60.401505,1546300
2012-06-13,66.550003,66.959999,66.070000,66.260002,60.084122,1227700
2012-06-14,66.260002,67.099998,66.059998,66.860001,60.628208,1471900
2012-06-15,67.290001,67.500000,66.879997,67.019997,60.955620,1837800
2012-06-18,66.830002,67.360001,66.589996,66.959999,60.901043,1294500
2012-06-19,67.260002,67.699997,67.059998,67.349998,61.255775,1266900
2012-06-20,67.360001,67.629997,66.080002,66.349998,60.346256,1291800
2012-06-21,66.449997,66.650002,64.970001,65.019997,59.136585,1397800
2012-06-22,65.589996,66.820000,65.309998,66.529999,60.509979,5964900
2012-06-25,65.730003,66.349998,65.639999,66.120003,60.137058,1309000
2012-06-26,66.309998,66.800003,65.680000,66.629997,60.600922,1453400
2012-06-27,66.870003,67.419998,66.699997,66.889999,60.837379,994900
2012-06-28,66.519997,66.779999,65.940002,66.639999,60.610001,983600
2012-06-29,67.320000,68.550003,67.320000,68.529999,62.328976,1484500
2012-07-02,68.680000,68.870003,68.010002,68.769997,62.547283,1347700
2012-07-03,68.779999,68.959999,68.220001,68.959999,62.720078,618900
2012-07-05,68.769997,68.830002,68.250000,68.620003,62.410854,883300
2012-07-06,68.080002,68.239998,67.589996,67.820000,61.683228,830700
2012-07-09,67.750000,68.190002,67.639999,67.949997,61.801495,858300
2012-07-10,68.260002,68.639999,67.279999,67.489998,61.383080,1271400
2012-07-11,67.480003,67.570000,66.760002,67.160004,61.082943,1133000
2012-07-12,66.750000,67.629997,66.209999,67.330002,61.237583,1218300
2012-07-13,67.459999,67.830002,67.239998,67.690002,61.565002,1144800
2012-07-16,67.519997,67.800003,67.150002,67.480003,61.374004,821700
2012-07-17,67.660004,68.300003,67.290001,68.139999,61.974266,1048100
2012-07-18,67.779999,67.949997,67.370003,67.870003,61.728741,1025600
2012-07-19,67.879997,68.110001,67.360001,67.930000,61.783268,1191100
2012-07-20,67.500000,67.750000,67.129997,67.230003,61.146629,2351300
2012-07-23,66.470001,66.970001,66.290001,66.610001,60.582729,904800
2012-07-24,66.669998,66.669998,65.059998,65.410004,59.491295,1512200
2012-07-25,65.629997,66.040001,65.300003,65.419998,59.500404,1483900
2012-07-26,66.250000,66.830002,65.669998,66.000000,60.027935,1097600
2012-07-27,66.440002,67.330002,66.239998,67.169998,61.092041,1948000
2012-07-30,67.180000,68.430000,67.139999,68.150002,61.983349,1362300
2012-07-31,64.919998,66.110001,61.660000,65.449997,59.527672,4793600
2012-08-01,65.769997,66.029999,65.160004,65.699997,59.755066,2014300
2012-08-02,65.279999,65.279999,63.330002,63.480000,57.735950,3278300
2012-08-03,64.199997,64.550003,63.759998,64.410004,58.581795,2489100
2012-08-06,64.300003,64.779999,64.209999,64.430000,58.599983,1109700
2012-08-07,64.370003,64.699997,63.869999,64.480003,58.645458,1302700
2012-08-08,64.470001,64.709999,64.120003,64.180000,58.372612,936200
2012-08-09,64.180000,64.680000,64.059998,64.529999,58.690929,1078600
2012-08-10,64.470001,65.419998,64.449997,65.339996,59.427639,1069500
2012-08-13,65.110001,65.199997,64.540001,65.110001,59.218456,698100
2012-08-14,65.379997,65.379997,64.610001,64.790001,58.927410,874400
2012-08-15,64.660004,65.169998,64.500000,65.089996,59.200256,943300
2012-08-16,65.220001,66.849998,65.080002,66.769997,60.728249,1087500
2012-08-17,66.419998,66.919998,66.320000,66.790001,60.746449,918700
2012-08-20,66.589996,66.860001,65.980003,66.129997,60.146137,648700
2012-08-21,66.339996,66.470001,65.709999,65.839996,59.882381,657300
2012-08-22,65.680000,67.300003,65.269997,67.290001,61.201176,1718900
2012-08-23,66.639999,67.410004,66.610001,66.790001,60.746449,1527800
2012-08-24,66.559998,66.820000,66.330002,66.519997,60.500870,867700
2012-08-27,66.629997,66.629997,66.089996,66.150002,60.164349,727400
2012-08-28,65.879997,65.879997,64.769997,65.019997,59.136585,1495400
2012-08-29,65.139999,65.330002,64.650002,65.120003,59.227543,959200
2012-08-30,64.779999,64.879997,63.939999,64.010002,58.217987,1233100
2012-08-31,64.360001,64.489998,63.730000,64.029999,58.236172,1485500
2012-09-04,64.040001,64.260002,63.230000,63.470001,57.726852,1290700
2012-09-05,63.470001,64.019997,62.980000,63.900002,58.117943,1466000
2012-09-06,64.309998,65.040001,64.239998,64.940002,59.063831,1335000
2012-09-07,65.169998,65.419998,64.860001,65.260002,59.354885,1080700
2012-09-10,65.269997,65.400002,64.559998,64.629997,58.781872,955000
2012-09-11,64.650002,64.760002,64.150002,64.199997,58.390781,1030500
2012-09-12,64.320000,64.550003,63.759998,64.139999,58.336220,985700
2012-09-13,64.339996,65.489998,63.919998,64.900002,59.027454,1390100
2012-09-14,64.809998,65.230003,64.110001,64.120003,58.498306,2048700
2012-09-17,64.190002,64.209999,63.779999,63.849998,58.251976,1814900
2012-09-18,63.849998,64.070000,63.540001,63.630001,58.051262,1581000
2012-09-19,63.820000,63.889999,63.549999,63.590000,58.014771,1247200
2012-09-20,63.299999,63.740002,63.130001,63.570000,57.996513,1325600
2012-09-21,63.650002,64.190002,63.250000,64.110001,58.489182,5485300
2012-09-24,63.869999,64.690002,63.799999,64.489998,58.835869,1899400
2012-09-25,64.699997,64.940002,63.720001,63.770000,58.178989,1490800
2012-09-26,63.910000,64.589996,63.779999,64.300003,58.662529,1436700
2012-09-27,64.440002,65.180000,63.980000,65.110001,59.401516,1574000
2012-09-28,64.830002,65.029999,64.459999,64.809998,59.127811,1475300
2012-10-01,64.989998,65.709999,64.639999,64.930000,59.237297,1073800
2012-10-02,65.099998,65.129997,64.389999,64.809998,59.127811,764100
2012-10-03,64.849998,65.010002,64.269997,64.419998,58.772007,897900
2012-10-04,64.760002,65.199997,64.690002,64.900002,59.209915,655500
2012-10-05,65.309998,65.650002,64.699997,64.989998,59.292015,1040000
2012-10-08,64.940002,65.019997,64.570000,64.889999,59.200794,768100
2012-10-09,64.970001,65.220001,64.129997,64.150002,58.525684,988000
2012-10-10,64.070000,64.129997,63.419998,63.630001,58.051262,1097800
2012-10-11,64.330002,64.650002,63.669998,63.669998,58.087749,868600
2012-10-12,65.220001,66.440002,63.439999,66.239998,60.432434,3817100
2012-10-15,66.760002,68.320000,66.739998,67.870003,61.919552,3431800
2012-10-16,68.160004,68.820000,68.080002,68.779999,62.749744,2015700
2012-10-17,68.559998,70.750000,68.559998,69.400002,63.315392,1646100
2012-10-18,69.169998,69.970001,69.169998,69.879997,63.753296,1256800
2012-10-19,69.680000,69.919998,68.510002,69.070000,63.014324,2164800
2012-10-22,68.989998,69.769997,68.900002,69.739998,63.625568,1546700
2012-10-23,68.949997,69.550003,68.510002,69.180000,63.114677,1341100
2012-10-24,69.360001,69.489998,68.830002,68.989998,62.941330,1033400
2012-10-25,69.250000,69.750000,68.820000,69.199997,63.132919,754100
2012-10-26,69.190002,69.570000,68.720001,69.559998,63.461342,1465700
2012-10-31,69.360001,69.709999,68.500000,69.599998,63.497841,1554400
2012-11-01,69.550003,70.949997,68.919998,70.820000,64.610893,1987000
2012-11-02,71.000000,71.290001,70.459999,70.610001,64.419296,1360300
2012-11-05,70.660004,70.879997,70.070000,70.739998,64.537895,774200
2012-11-06,70.930000,71.570000,70.639999,71.360001,65.103546,1410400
2012-11-07,70.809998,71.150002,70.099998,70.480003,64.300705,1130800
2012-11-08,70.379997,70.970001,70.010002,70.040001,63.899281,883400
2012-11-09,70.000000,70.300003,69.550003,69.870003,63.744194,1079000
2012-11-12,70.050003,70.300003,69.379997,69.419998,63.333633,906200
2012-11-13,69.209999,69.889999,69.099998,69.250000,63.178539,879800
2012-11-14,69.470001,69.470001,68.199997,68.260002,62.275352,919900
2012-11-15,68.269997,68.940002,68.160004,68.699997,62.676746,972800
2012-11-16,68.620003,69.150002,67.970001,68.970001,62.923084,1281700
2012-11-19,69.699997,70.000000,69.209999,70.000000,63.862778,1182300
2012-11-20,70.000000,70.370003,69.050003,70.320000,64.154724,1031100
2012-11-21,70.309998,70.320000,69.559998,69.699997,63.589077,869100
2012-11-23,69.870003,70.440002,69.760002,70.349998,64.182068,470300
2012-11-26,69.430000,70.089996,69.260002,69.809998,63.689468,1337300
2012-11-27,69.830002,70.459999,69.570000,70.040001,63.899281,1364500
2012-11-28,69.690002,70.980003,69.430000,70.970001,64.747734,1331100
2012-11-29,71.099998,72.000000,71.080002,71.809998,65.514091,1340900
2012-11-30,71.690002,72.269997,71.510002,72.080002,65.760429,2105700
2012-12-03,72.000000,72.139999,71.379997,71.519997,65.249496,1717800
2012-12-04,71.510002,72.150002,71.389999,71.870003,65.568825,1486900
2012-12-05,71.779999,72.040001,71.040001,71.160004,64.921082,1743000
2012-12-06,71.169998,72.419998,71.129997,72.389999,66.043213,1080000
2012-12-07,72.459999,72.790001,71.930000,72.720001,66.344322,1541100
2012-12-10,72.489998,72.750000,71.660004,72.040001,65.723961,1262100
2012-12-11,72.120003,72.739998,71.760002,72.529999,66.170959,1238800
2012-12-12,72.720001,72.730003,70.290001,70.510002,64.328041,2330100
2012-12-13,70.620003,70.879997,70.360001,70.680000,64.483139,1413200
2012-12-14,70.360001,70.860001,70.019997,70.519997,64.547241,1021700
2012-12-17,70.699997,71.080002,70.269997,71.080002,65.059776,1548600
2012-12-18,71.099998,71.910004,70.830002,71.870003,65.782883,993900
2012-12-19,71.739998,72.160004,71.279999,71.800003,65.718826,1425000
2012-12-20,72.110001,72.239998,71.660004,72.230003,66.112411,1026400
2012-12-21,70.940002,71.839996,70.940002,71.199997,65.169617,1753900
2012-12-24,71.089996,72.279999,71.019997,72.080002,65.975128,595000
2012-12-26,72.169998,72.500000,71.690002,71.820000,65.737144,1060700
2012-12-27,71.919998,72.269997,70.839996,71.800003,65.718826,696200
2012-12-28,71.230003,71.599998,70.699997,70.779999,64.785202,620700
2012-12-31,70.660004,71.910004,70.330002,71.900002,65.810364,888000
2013-01-02,72.940002,74.330002,72.760002,74.330002,68.034546,1533100
2013-01-03,74.269997,74.739998,73.849998,74.099998,67.824020,1060200
2013-01-04,74.230003,74.540001,74.000000,74.349998,68.052856,621900
2013-01-07,74.230003,74.360001,73.480003,73.900002,67.640945,798300
2013-01-08,72.300003,73.559998,72.300003,73.250000,67.046013,1137700
2013-01-09,73.470001,73.699997,73.040001,73.370003,67.155846,1044700
2013-01-10,73.529999,73.610001,72.820000,73.150002,66.954468,1029800
2013-01-11,73.510002,73.519997,72.570000,72.809998,66.643295,829300
2013-01-14,72.910004,73.080002,72.550003,72.940002,66.762276,777800
2013-01-15,72.540001,73.389999,72.459999,73.129997,66.936180,722800
2013-01-16,72.980003,73.050003,72.660004,72.839996,66.670738,789500
2013-01-17,73.160004,73.760002,72.919998,73.320000,67.110077,658700
2013-01-18,73.610001,73.870003,73.019997,73.820000,67.567726,941100
2013-01-22,73.629997,74.199997,73.470001,74.160004,67.878929,1100000
2013-01-23,74.000000,74.019997,73.139999,73.389999,67.174164,1091100
2013-01-24,73.470001,73.720001,73.019997,73.169998,66.972778,898400
2013-01-25,73.430000,73.519997,72.779999,73.440002,67.219917,736000
2013-01-28,73.379997,73.699997,72.559998,72.650002,66.496826,770400
2013-01-29,72.449997,73.019997,72.029999,72.879997,66.707321,563100
2013-01-30,72.989998,73.000000,72.169998,72.239998,66.121544,757700
2013-01-31,72.040001,72.970001,71.989998,72.400002,66.268005,1198200
2013-02-01,72.790001,73.989998,72.449997,73.870003,67.613503,995000
2013-02-04,73.500000,73.620003,72.919998,73.279999,67.073471,2018500
2013-02-05,73.680000,74.529999,73.430000,74.309998,68.016228,876600
2013-02-06,74.019997,74.379997,73.690002,74.059998,67.787422,847600
2013-02-07,73.820000,73.949997,72.779999,73.440002,67.219917,845400
2013-02-08,73.459999,74.470001,73.430000,74.400002,68.098633,760600
2013-02-11,74.199997,74.540001,73.790001,74.059998,67.787422,610100
2013-02-12,73.949997,74.489998,73.889999,74.459999,68.153511,712900
2013-02-13,74.690002,74.860001,74.110001,74.669998,68.345711,691300
2013-02-14,74.459999,75.139999,74.260002,74.820000,68.483017,1055200
2013-02-15,75.209999,75.900002,74.959999,75.209999,68.840012,1995800
2013-02-19,75.220001,75.769997,74.800003,75.690002,69.279350,973000
2013-02-20,75.680000,75.970001,74.699997,74.809998,68.473869,1235300
2013-02-21,74.510002,74.510002,73.610001,73.980003,67.714211,1241900
2013-02-22,74.370003,74.949997,74.269997,74.699997,68.373207,1046500
2013-02-25,75.000000,75.360001,72.790001,72.800003,66.634132,1443400
2013-02-26,72.309998,75.980003,72.029999,75.839996,69.416649,1782400
2013-02-27,76.080002,77.779999,75.980003,77.309998,70.762138,1731700
2013-02-28,77.300003,77.680000,76.510002,76.550003,70.066505,2251700
2013-03-01,76.220001,77.070000,75.489998,76.769997,70.479660,1462300
2013-03-04,76.440002,77.320000,76.190002,77.320000,70.984596,736300
2013-03-05,77.690002,78.000000,77.139999,77.279999,70.947845,866100
2013-03-06,77.599998,78.040001,77.309998,77.669998,71.305901,970400
2013-03-07,77.860001,78.209999,77.480003,77.930000,71.544579,1105400
2013-03-08,78.040001,78.400002,77.699997,78.139999,71.737381,700100
2013-03-11,78.160004,78.930000,78.029999,78.809998,72.352486,837300
2013-03-12,78.730003,79.489998,78.730003,79.449997,72.940033,1016900
2013-03-13,79.459999,80.139999,79.190002,79.949997,73.399071,1336400
2013-03-14,80.290001,80.320000,79.500000,79.959999,73.408234,1089200
2013-03-15,79.690002,79.959999,79.339996,79.639999,73.114456,1695300
2013-03-18,78.970001,79.160004,78.629997,78.779999,72.324936,876700
2013-03-19,78.930000,79.360001,78.309998,79.190002,72.701363,894400
2013-03-20,79.610001,80.000000,79.160004,79.379997,72.875755,726600
2013-03-21,78.760002,79.309998,78.320000,78.849998,72.389229,656200
2013-03-22,78.989998,79.809998,78.699997,79.470001,72.958412,875200
2013-03-25,79.750000,80.690002,79.290001,79.730003,73.197121,1141700
2013-03-26,80.059998,80.220001,78.629997,78.879997,72.416733,1071000
2013-03-27,78.190002,78.860001,77.839996,78.339996,71.920998,1513000
2013-03-28,78.669998,80.349998,78.669998,80.180000,73.610207,1304400
2013-04-01,80.000000,80.269997,79.290001,79.500000,72.985954,731700
2013-04-02,79.900002,80.330002,79.629997,80.199997,73.628593,711300
2013-04-03,80.169998,80.279999,78.949997,79.559998,73.041023,1101900
2013-04-04,79.779999,80.110001,79.279999,79.849998,73.307266,1131000
2013-04-05,78.989998,79.480003,78.739998,79.339996,72.839073,879600
2013-04-08,79.239998,80.040001,78.919998,80.040001,73.481712,707500
2013-04-09,80.620003,81.220001,80.010002,80.570000,73.968300,1219300
2013-04-10,80.989998,82.330002,80.680000,82.309998,75.565712,899500
2013-04-11,82.309998,83.239998,82.139999,82.970001,76.171646,1677600
2013-04-12,82.760002,82.779999,81.739998,82.220001,75.483086,644200
2013-04-15,82.000000,82.400002,80.529999,80.529999,73.931564,1309400
2013-04-16,81.330002,82.120003,81.139999,81.919998,75.207664,1346100
2013-04-17,81.339996,81.879997,80.290001,81.559998,74.877159,948800
2013-04-18,81.669998,81.879997,80.839996,81.330002,74.666000,999000
2013-04-19,81.620003,82.639999,81.580002,82.230003,75.492256,1216300
2013-04-22,82.150002,83.400002,81.930000,83.019997,76.217514,1214900
2013-04-23,83.269997,84.120003,83.000000,83.790001,76.924438,1322100
2013-04-24,84.169998,84.209999,83.290001,83.290001,76.465408,731800
2013-04-25,83.529999,84.279999,83.349998,83.730003,76.869347,743000
2013-04-26,83.730003,83.870003,82.870003,82.940002,76.144081,637200
2013-04-29,82.849998,83.290001,82.349998,83.250000,76.428688,1529400
2013-04-30,83.050003,84.699997,82.889999,84.620003,77.686432,1893900
2013-05-01,84.750000,85.160004,83.989998,84.250000,77.346733,1548300
2013-05-02,84.169998,84.559998,83.970001,84.269997,77.365112,1277200
2013-05-03,85.059998,85.650002,84.760002,85.580002,78.567780,1178600
2013-05-06,85.730003,85.739998,85.019997,85.349998,78.356613,570100
2013-05-07,85.750000,87.169998,85.750000,87.169998,80.027473,1360500
2013-05-08,87.089996,87.089996,86.510002,86.870003,79.752083,635000
2013-05-09,86.779999,87.180000,86.559998,86.779999,79.669441,741800
2013-05-10,86.720001,87.339996,86.510002,86.800003,79.687813,571600
2013-05-13,86.730003,87.580002,86.510002,86.980003,79.853065,870400
2013-05-14,87.190002,87.989998,86.970001,87.970001,80.761940,1083600
2013-05-15,87.800003,89.220001,87.660004,89.139999,81.836067,713500
2013-05-16,88.800003,88.949997,88.080002,88.160004,80.936378,835600
2013-05-17,88.220001,89.089996,87.800003,89.089996,81.790176,1127800
2013-05-20,88.879997,88.900002,88.019997,88.080002,80.862930,825600
2013-05-21,88.220001,89.470001,88.099998,89.050003,81.753456,1012600
2013-05-22,89.000000,89.220001,87.019997,87.430000,80.266182,1137400
2013-05-23,86.739998,87.620003,86.690002,87.190002,80.045868,1209200
2013-05-24,86.750000,87.330002,86.050003,87.139999,79.999962,856100
2013-05-28,87.930000,88.000000,86.849998,87.059998,79.926491,1185200
2013-05-29,86.620003,86.849998,85.459999,86.040001,78.990089,1094400
2013-05-30,86.139999,86.449997,85.449997,85.459999,78.457603,1301600
2013-05-31,85.010002,85.589996,84.430000,84.470001,77.548714,2815000
2013-06-03,84.720001,84.739998,83.250000,83.750000,76.887711,2321300
2013-06-04,83.739998,85.919998,83.709999,84.519997,77.594620,2138400
2013-06-05,84.150002,84.629997,83.489998,83.510002,76.667404,1295200
2013-06-06,83.510002,84.089996,83.150002,84.089996,77.199844,1358600
2013-06-07,84.309998,84.820000,83.980003,84.750000,77.805763,1388400
2013-06-10,85.000000,85.449997,84.470001,84.610001,77.677238,1316200
2013-06-11,83.910004,84.860001,83.519997,83.699997,76.841820,842000
2013-06-12,84.339996,84.879997,83.849998,84.250000,77.346733,1682800
2013-06-13,84.040001,84.879997,83.400002,84.760002,77.814972,1292800
2013-06-14,84.370003,84.699997,83.959999,84.029999,77.354683,898600
2013-06-17,84.629997,86.339996,84.620003,86.320000,79.462769,1481200
2013-06-18,86.370003,86.849998,86.089996,86.730003,79.840187,1000800
2013-06-19,86.720001,86.820000,85.599998,85.680000,78.873619,851500
2013-06-20,85.209999,85.309998,83.830002,83.989998,77.317856,1205200
2013-06-21,84.290001,84.349998,82.930000,83.769997,77.115349,2312100
2013-06-24,83.000000,84.760002,82.580002,83.930000,77.262642,1288900
2013-06-25,84.699997,84.870003,83.970001,84.410004,77.704491,1416200
2013-06-26,85.000000,86.000000,84.870003,85.930000,79.103760,787700
2013-06-27,86.489998,86.620003,85.160004,85.699997,78.892014,1074400
2013-06-28,85.639999,86.309998,85.180000,85.190002,78.422539,1450600
2013-07-01,85.540001,86.930000,85.480003,86.339996,79.481178,1314900
2013-07-02,85.830002,86.690002,85.699997,86.129997,79.287872,1358400
2013-07-03,86.050003,86.309998,85.680000,85.830002,79.011688,873100
2013-07-05,86.430000,86.639999,85.580002,86.500000,79.628464,584700
2013-07-08,86.849998,87.400002,86.660004,86.860001,79.959862,605400
2013-07-09,87.410004,88.470001,87.330002,88.459999,81.432770,871100
2013-07-10,88.230003,88.930000,87.930000,88.660004,81.616890,815800
2013-07-11,89.309998,89.940002,89.309998,89.900002,82.758354,1120000
2013-07-12,89.830002,90.290001,89.440002,90.290001,83.117371,826000
2013-07-15,90.199997,90.820000,89.949997,90.769997,83.559250,757400
2013-07-16,90.830002,91.410004,90.750000,91.320000,84.065559,1294400
2013-07-17,91.510002,91.809998,91.139999,91.639999,84.360161,1073000
2013-07-18,91.750000,92.510002,91.580002,92.480003,85.133423,794300
2013-07-19,92.629997,93.470001,92.269997,93.400002,85.980324,1718300
2013-07-22,93.029999,94.349998,93.029999,94.279999,86.790428,1269600
2013-07-23,94.669998,95.190002,94.169998,94.769997,87.241508,1439400
2013-07-24,95.000000,95.000000,93.550003,93.680000,86.238083,1178700
2013-07-25,93.500000,93.790001,93.099998,93.540001,86.109222,1274700
2013-07-26,93.099998,93.290001,92.129997,92.989998,85.602928,901900
2013-07-29,92.879997,93.110001,91.489998,92.099998,84.783592,1263400
2013-07-30,92.440002,94.879997,92.430000,93.750000,86.302528,1190600
2013-07-31,93.989998,94.970001,92.070000,92.139999,84.820427,1494900
2013-08-01,92.870003,94.160004,92.830002,94.040001,86.569496,1257600
2013-08-02,93.889999,93.889999,92.779999,93.620003,86.182846,756300
2013-08-05,93.519997,93.519997,92.000000,92.459999,85.114998,711400
2013-08-06,92.489998,93.660004,92.410004,93.500000,86.072388,783300
2013-08-07,93.330002,93.589996,92.449997,93.300003,85.888268,846100
2013-08-08,93.599998,93.919998,93.019997,93.050003,85.658142,642700
2013-08-09,93.099998,94.000000,92.599998,93.040001,85.648933,918400
2013-08-12,92.900002,93.389999,92.330002,92.790001,85.418808,722500
2013-08-13,92.809998,93.430000,92.339996,93.150002,85.750198,459200
2013-08-14,93.269997,93.620003,92.769997,93.029999,85.639725,651100
2013-08-15,92.360001,92.559998,91.250000,92.199997,84.875648,1252600
2013-08-16,91.940002,92.180000,91.320000,91.709999,84.424576,939600
2013-08-19,91.209999,92.139999,91.139999,91.230003,83.982704,712100
2013-08-20,91.160004,91.300003,90.510002,90.599998,83.402763,991400
2013-08-21,90.570000,91.559998,90.250000,90.690002,83.485619,713400
2013-08-22,90.629997,91.709999,90.180000,91.540001,84.268097,553700
2013-08-23,91.660004,91.860001,90.839996,91.709999,84.424576,531800
2013-08-26,91.830002,93.120003,91.779999,92.440002,85.096588,911600
2013-08-27,91.669998,91.879997,90.559998,90.599998,83.402763,710600
2013-08-28,90.790001,91.220001,90.470001,90.830002,83.614502,665300
2013-08-29,90.820000,92.129997,90.489998,91.639999,84.360161,814500
2013-08-30,91.889999,92.230003,91.120003,91.349998,84.093185,970000
2013-09-03,92.540001,93.000000,91.949997,92.580002,85.225456,1137700
2013-09-04,92.510002,93.919998,92.480003,93.730003,86.284103,1263100
2013-09-05,93.419998,93.870003,93.000000,93.120003,85.722595,750300
2013-09-06,93.239998,93.500000,92.120003,92.730003,85.363586,925700
2013-09-09,92.760002,93.809998,92.760002,93.790001,86.339348,630900
2013-09-10,94.000000,95.419998,94.000000,95.389999,87.812256,952200
2013-09-11,95.250000,96.370003,94.870003,96.099998,88.465843,877400
2013-09-12,96.070000,96.169998,95.099998,96.000000,88.373795,794900
2013-09-13,95.830002,95.879997,95.019997,95.690002,88.299965,686300
2013-09-16,96.889999,97.330002,96.000000,96.849998,89.370361,681200
2013-09-17,96.949997,96.989998,95.970001,96.269997,88.835167,910300
2013-09-18,96.379997,99.330002,96.000000,99.000000,91.354347,1172100
2013-09-19,99.040001,99.449997,98.330002,98.800003,91.169785,749600
2013-09-20,98.910004,99.300003,98.129997,98.129997,90.551514,1803000
2013-09-23,98.300003,99.010002,97.760002,98.370003,90.772995,780000
2013-09-24,98.519997,98.830002,98.110001,98.360001,90.763756,687700
2013-09-25,98.580002,98.959999,98.290001,98.629997,91.012901,613100
2013-09-26,98.910004,99.309998,98.220001,99.120003,91.465065,543700
2013-09-27,98.769997,99.050003,98.019997,98.110001,90.533073,630700
2013-09-30,97.750000,99.029999,97.250000,98.760002,91.132866,951400
2013-10-01,98.870003,99.570000,98.720001,99.480003,91.797287,711000
2013-10-02,99.279999,99.510002,98.660004,99.510002,91.824944,767500
2013-10-03,99.139999,99.220001,97.050003,97.760002,90.210098,1111900
2013-10-04,97.739998,99.410004,97.510002,99.339996,91.668053,731200
2013-10-07,98.510002,98.510002,97.220001,97.269997,89.757950,951400
2013-10-08,97.230003,97.529999,96.580002,96.910004,89.425735,1083700
2013-10-09,97.010002,97.949997,96.440002,97.629997,90.090164,1232400
2013-10-10,98.690002,99.389999,98.269997,98.830002,91.197449,974600
2013-10-11,98.849998,100.330002,98.760002,100.019997,92.295555,958500
2013-10-14,99.480003,100.889999,99.129997,100.709999,92.932274,645900
2013-10-15,100.400002,100.820000,99.290001,99.620003,91.926460,703100
2013-10-16,100.360001,101.940002,100.230003,101.839996,93.974998,767500
2013-10-17,101.500000,102.440002,100.730003,102.300003,94.399490,945600
2013-10-18,102.419998,103.750000,102.269997,103.510002,95.516045,774600
2013-10-21,103.070000,103.629997,102.370003,102.620003,94.694771,671800
2013-10-22,102.599998,104.370003,102.599998,104.260002,96.208107,735900
2013-10-23,104.169998,104.169998,103.000000,103.279999,95.303764,760900
2013-10-24,103.360001,105.000000,103.360001,104.919998,96.817146,801700
2013-10-25,105.000000,105.309998,104.279999,105.180000,97.057060,804400
2013-10-28,105.180000,105.620003,102.900002,103.260002,95.285339,1861700
2013-10-29,103.199997,107.510002,103.199997,107.480003,99.179428,1765900
2013-10-30,107.480003,108.339996,106.110001,106.360001,98.145927,1302100
2013-10-31,106.370003,107.209999,105.820000,106.000000,97.813721,1100000
2013-11-01,106.199997,107.129997,105.150002,105.690002,97.527664,1060300
2013-11-04,106.220001,106.599998,105.650002,105.959999,97.776833,602200
2013-11-05,105.459999,105.980003,104.839996,105.320000,97.186264,758000
2013-11-06,105.919998,106.980003,105.580002,106.389999,98.173592,550300
2013-11-07,106.389999,106.730003,104.529999,104.620003,96.540306,642600
2013-11-08,104.809998,106.589996,104.529999,106.559998,98.330490,723100
2013-11-11,106.489998,106.570000,105.779999,105.989998,97.804504,491400
2013-11-12,105.809998,106.489998,105.059998,106.430000,98.210548,689200
2013-11-13,106.000000,106.330002,104.690002,106.290001,98.081345,754200
2013-11-14,106.720001,107.239998,106.150002,107.029999,98.764175,707800
2013-11-15,107.330002,107.860001,106.970001,107.610001,99.299385,1195100
2013-11-18,107.820000,107.889999,106.709999,107.070000,98.801094,713100
2013-11-19,106.699997,107.199997,106.209999,106.580002,98.348923,719900
2013-11-20,106.730003,107.160004,106.199997,106.589996,98.358147,494700
2013-11-21,107.120003,107.760002,106.559998,107.419998,99.124069,673700
2013-11-22,107.470001,107.550003,106.750000,107.459999,99.160957,576200
2013-11-25,107.489998,107.889999,105.970001,106.480003,98.256676,806900
2013-11-26,106.720001,108.139999,106.300003,107.989998,99.650047,1711100
2013-11-27,107.940002,107.940002,106.809998,106.959999,98.699608,772200
2013-11-29,107.160004,107.769997,106.860001,107.169998,98.893356,417900
2013-12-02,106.900002,106.980003,105.650002,105.750000,97.583054,956500
2013-12-03,105.260002,105.790001,103.209999,103.650002,95.645218,1589500
2013-12-04,103.339996,103.980003,102.550003,103.410004,95.423737,1217800
2013-12-05,103.230003,103.680000,102.629997,103.050003,95.091560,1213400
2013-12-06,104.300003,105.730003,103.919998,105.690002,97.527664,1500300
2013-12-09,106.330002,106.339996,105.150002,105.760002,97.592278,1247500
2013-12-10,105.230003,106.050003,104.900002,105.050003,96.937096,1078500
2013-12-11,105.019997,105.250000,103.230003,103.239998,95.266891,1115900
2013-12-12,103.220001,103.559998,102.750000,102.839996,94.897766,1143900
2013-12-13,102.889999,103.300003,102.440002,102.580002,94.911652,822400
2013-12-16,102.839996,102.970001,101.989998,102.099998,94.467522,1235500
2013-12-17,102.680000,102.690002,101.379997,102.059998,94.430550,1565000
2013-12-18,102.389999,104.110001,101.699997,104.080002,96.299538,1090100
2013-12-19,103.680000,104.000000,102.809998,102.949997,95.253998,922900
2013-12-20,102.650002,104.559998,102.550003,104.239998,96.447556,1598300
2013-12-23,105.050003,105.050003,103.860001,104.279999,96.484566,871000
2013-12-24,104.129997,104.970001,103.839996,104.930000,97.085991,369700
2013-12-26,105.029999,105.070000,104.349998,104.699997,96.873161,687000
2013-12-27,105.089996,105.300003,104.330002,104.470001,96.660378,502300
2013-12-30,104.370003,104.540001,103.949997,104.110001,96.327263,792600
2013-12-31,104.290001,104.440002,103.870003,104.269997,96.475304,898800
2014-01-02,103.580002,104.419998,103.410004,103.790001,96.031197,814900
2014-01-03,104.099998,104.279999,103.779999,103.919998,96.151497,554500
2014-01-06,101.410004,102.680000,101.220001,102.279999,94.634064,1657500
2014-01-07,102.480003,103.839996,102.349998,103.330002,95.605583,1001700
2014-01-08,103.150002,104.510002,102.809998,104.139999,96.355034,1208200
2014-01-09,105.000000,105.080002,103.889999,105.000000,97.150734,1092600
2014-01-10,105.750000,106.000000,104.940002,105.389999,97.511612,859100
2014-01-13,104.910004,105.279999,102.900002,103.099998,95.392776,979400
2014-01-14,103.309998,104.370003,102.620003,104.330002,96.530846,1146600
2014-01-15,104.269997,104.470001,103.110001,103.620003,95.873909,1080000
2014-01-16,103.650002,104.650002,103.620003,104.449997,96.641838,793900
2014-01-17,104.650002,104.690002,103.930000,104.150002,96.364296,884100
2014-01-21,104.550003,104.680000,102.849998,103.900002,96.132973,875300
2014-01-22,104.250000,104.250000,103.400002,103.690002,95.938683,814200
2014-01-23,102.779999,103.000000,101.459999,101.940002,94.319496,1180600
2014-01-24,101.129997,101.400002,99.279999,99.349998,91.923111,1971400
2014-01-27,99.309998,99.440002,97.940002,98.760002,91.377213,1255800
2014-01-28,99.000000,100.070000,99.000000,99.849998,92.385719,936700
2014-01-29,99.360001,100.839996,99.250000,100.230003,92.737343,2023300
2014-01-30,100.709999,101.599998,100.099998,100.830002,93.292473,1238700
2014-01-31,99.459999,101.019997,99.230003,100.540001,93.024147,1154000
2014-02-03,100.290001,101.269997,97.870003,98.029999,90.701805,1580100
2014-02-04,98.949997,99.089996,97.889999,98.699997,91.321678,1280100
2014-02-05,98.379997,99.360001,97.650002,99.160004,91.747307,943800
2014-02-06,99.089996,99.940002,98.510002,99.889999,92.422737,1117200
2014-02-07,100.389999,100.660004,99.809998,100.129997,92.644798,1368600
2014-02-10,99.949997,100.849998,99.129997,100.620003,93.098167,1040700
2014-02-11,100.620003,101.680000,100.300003,101.410004,93.829109,942000
2014-02-12,101.349998,101.760002,101.029999,101.139999,93.579292,788700
2014-02-13,100.680000,102.769997,100.550003,102.300003,94.652588,743700
2014-02-14,102.300003,103.279999,102.129997,103.150002,95.439034,582700
2014-02-18,103.389999,103.690002,103.010002,103.080002,95.374268,762100
2014-02-19,103.029999,104.150002,101.940002,101.970001,94.347229,927100
2014-02-20,102.059998,102.180000,101.010002,101.870003,94.254730,1523700
2014-02-21,102.300003,105.000000,101.349998,102.190002,94.550804,1998400
2014-02-24,101.889999,102.720001,101.349998,102.389999,94.735863,1339600
2014-02-25,102.139999,105.040001,102.139999,104.580002,96.762146,1576100
2014-02-26,104.809998,106.190002,104.580002,105.430000,97.548576,1201600
2014-02-27,105.000000,106.779999,104.870003,106.650002,98.677406,953600
2014-02-28,106.610001,108.199997,106.470001,107.750000,99.695160,1331400
2014-03-03,106.199997,108.190002,106.199997,107.980003,99.908005,1401800
2014-03-04,108.989998,109.959999,108.349998,109.660004,101.462379,1617500
2014-03-05,110.000000,110.000000,109.059998,109.379997,101.203308,1125100
2014-03-06,109.440002,110.349998,109.279999,109.860001,101.647461,730000
2014-03-07,109.930000,110.250000,109.550003,109.839996,101.883972,1016300
2014-03-10,109.480003,110.269997,109.209999,110.180000,102.199341,747100
2014-03-11,110.169998,111.830002,109.760002,111.239998,103.182549,1816400
2014-03-12,110.559998,110.970001,109.910004,110.620003,102.607483,1749700
2014-03-13,110.699997,111.309998,109.209999,109.250000,101.336708,1438700
2014-03-14,109.209999,110.510002,108.529999,108.629997,100.761589,1273600
2014-03-17,109.160004,110.889999,109.160004,110.019997,102.050919,943900
2014-03-18,110.080002,110.629997,110.000000,110.339996,102.347733,673400
2014-03-19,110.230003,110.650002,108.760002,109.320000,101.401627,1027000
2014-03-20,109.300003,110.239998,109.110001,110.040001,102.069481,769600
2014-03-21,110.970001,111.580002,109.930000,110.730003,102.709518,1909700
2014-03-24,111.019997,111.489998,109.540001,109.839996,101.883972,786500
2014-03-25,110.120003,110.510002,108.169998,108.309998,100.464783,1685200
2014-03-26,108.730003,108.959999,107.029999,107.050003,99.296066,1650300
2014-03-27,107.029999,107.230003,105.730003,106.199997,98.507614,1054600
2014-03-28,106.360001,106.980003,106.080002,106.230003,98.535454,1301900
2014-03-31,107.209999,108.059998,106.680000,107.989998,100.167969,972300
2014-04-01,108.449997,108.669998,107.739998,108.660004,100.789429,778200
2014-04-02,108.709999,109.230003,108.449997,108.589996,100.724495,690200
2014-04-03,109.019997,109.830002,108.610001,109.050003,101.151207,712800
2014-04-04,109.690002,109.760002,106.940002,107.180000,99.416618,1131800
2014-04-07,107.110001,107.550003,105.559998,105.730003,98.071663,1023300
2014-04-08,105.699997,105.699997,101.820000,105.220001,97.598610,1301400
2014-04-09,105.629997,107.519997,105.339996,107.199997,99.435173,1244000
2014-04-10,107.360001,107.660004,104.779999,105.019997,97.413094,902700
2014-04-11,104.610001,105.250000,103.690002,103.699997,96.188690,1022400
2014-04-14,104.150002,104.650002,103.510002,104.269997,96.717392,892700
2014-04-15,104.459999,105.449997,103.790001,105.419998,97.784103,813400
2014-04-16,106.360001,107.120003,106.000000,107.029999,99.277496,768000
2014-04-17,106.790001,108.129997,106.790001,107.790001,99.982445,880300
2014-04-21,107.050003,108.339996,106.720001,107.879997,100.065941,739500
2014-04-22,107.949997,108.120003,107.209999,107.279999,99.509377,732000
2014-04-23,106.910004,107.440002,106.660004,106.889999,99.147652,782000
2014-04-24,107.099998,107.339996,105.940002,106.089996,98.405586,758100
2014-04-25,105.980003,106.610001,104.940002,105.230003,97.607895,1338400
2014-04-28,106.500000,107.000000,104.019997,104.830002,97.236847,1229400
2014-04-29,105.040001,105.220001,104.169998,104.300003,96.745247,1110400
2014-04-30,104.760002,104.919998,104.029999,104.639999,97.060631,866700
2014-05-01,104.620003,105.099998,104.250000,104.610001,97.032784,750000
2014-05-02,104.500000,105.339996,104.300003,104.500000,96.930748,907700
2014-05-05,104.400002,105.519997,103.910004,105.309998,97.682098,939500
2014-05-06,105.029999,105.070000,104.169998,104.309998,96.754509,884000
2014-05-07,104.849998,105.250000,104.290001,105.110001,97.496559,813700
2014-05-08,104.940002,105.699997,104.000000,104.500000,96.930748,691600
2014-05-09,104.470001,105.099998,104.029999,104.750000,97.162643,705400
2014-05-12,105.220001,105.730003,104.919998,105.589996,97.941795,773800
2014-05-13,105.750000,106.169998,105.480003,105.699997,98.043846,822700
2014-05-14,105.639999,106.760002,105.470001,106.199997,98.507614,910700
2014-05-15,106.360001,106.529999,105.019997,105.809998,98.145874,1255500
2014-05-16,105.809998,105.980003,104.900002,105.889999,98.220070,1223700
2014-05-19,105.440002,107.529999,105.440002,107.199997,99.435173,878600
2014-05-20,107.150002,107.480003,106.400002,106.669998,98.943581,814500
2014-05-21,106.820000,108.110001,106.760002,107.779999,99.973190,670300
2014-05-22,107.900002,108.019997,107.379997,107.400002,99.620720,661900
2014-05-23,107.699997,108.169998,107.480003,108.050003,100.223618,445200
2014-05-27,108.389999,109.190002,108.070000,108.690002,100.817268,778500
2014-05-28,108.699997,108.980003,108.010002,108.129997,100.297821,777000
2014-05-29,108.349998,108.800003,107.519997,108.680000,100.807983,670300
2014-05-30,108.739998,109.330002,108.389999,109.190002,101.281029,731900
2014-06-02,109.120003,109.459999,108.410004,109.040001,101.141907,489100
2014-06-03,108.809998,109.650002,108.760002,109.129997,101.225380,605200
2014-06-04,108.720001,110.029999,108.250000,109.980003,102.013824,692300
2014-06-05,109.970001,110.209999,108.660004,109.800003,101.846863,649800
2014-06-06,110.040001,110.699997,109.739998,110.339996,102.347733,486100
2014-06-09,110.250000,110.629997,109.550003,110.050003,102.078766,837800
2014-06-10,109.919998,110.260002,109.519997,110.059998,102.088020,862500
2014-06-11,109.570000,109.889999,109.070000,109.330002,101.410919,498400
2014-06-12,108.889999,109.550003,108.000000,108.339996,100.492599,625100
2014-06-13,107.989998,108.279999,107.279999,108.150002,100.571663,500100
2014-06-16,107.820000,108.040001,107.059998,107.750000,100.199684,768600
2014-06-17,107.629997,108.389999,107.190002,107.800003,100.246193,775900
2014-06-18,107.769997,108.550003,106.910004,108.430000,100.832039,972400
2014-06-19,108.430000,108.699997,108.099998,108.379997,100.785545,665300
2014-06-20,108.720001,109.000000,108.430000,108.680000,101.064507,1042000
2014-06-23,108.910004,108.970001,107.940002,108.320000,100.729744,800000
2014-06-24,108.339996,108.779999,107.120003,107.180000,99.669624,956900
2014-06-25,107.290001,108.089996,107.029999,107.449997,99.920715,861700
2014-06-26,107.500000,107.500000,106.309998,107.260002,99.744026,1175800
2014-06-27,106.849998,108.750000,106.849998,108.629997,101.018021,1403600
2014-06-30,108.989998,111.570000,108.680000,111.339996,103.538124,2148600
2014-07-01,111.720001,112.269997,110.879997,111.529999,103.714813,1198800
2014-07-02,111.180000,111.849998,110.360001,110.629997,102.877876,683200
2014-07-03,111.089996,111.110001,110.410004,110.610001,102.859283,589300
2014-07-07,110.199997,110.500000,109.419998,110.279999,102.552406,791200
2014-07-08,110.169998,110.519997,109.930000,110.400002,102.664009,815200
2014-07-09,110.750000,110.930000,109.620003,110.269997,102.543098,638000
2014-07-10,109.570000,110.230003,109.209999,110.010002,102.301323,642000
2014-07-11,109.809998,109.970001,108.949997,109.589996,101.910759,499400
2014-07-14,109.980003,110.370003,109.779999,109.879997,102.180450,660400
2014-07-15,110.000000,110.519997,109.620003,110.230003,102.505913,1046300
2014-07-16,110.680000,110.919998,110.269997,110.580002,102.831383,899100
2014-07-17,109.970001,110.629997,109.639999,109.980003,102.273430,852700
2014-07-18,110.199997,110.660004,109.620003,110.430000,102.691887,797300
2014-07-21,109.660004,109.889999,109.040001,109.389999,101.724777,694600
2014-07-22,109.790001,110.430000,109.559998,109.980003,102.273430,821800
2014-07-23,110.050003,110.309998,109.529999,110.000000,102.292023,784800
2014-07-24,110.000000,110.610001,109.820000,110.389999,102.654716,628200
2014-07-25,110.209999,110.760002,110.059998,110.580002,102.831383,683400
2014-07-28,110.290001,111.250000,110.070000,111.019997,103.240532,989000
2014-07-29,111.000000,111.089996,109.699997,109.830002,102.133965,1025200
2014-07-30,110.040001,110.660004,109.150002,109.349998,101.687569,1128400
2014-07-31,109.669998,110.070000,108.510002,108.529999,100.925034,1249200
2014-08-01,107.669998,108.639999,107.309998,108.260002,100.673958,823100
2014-08-04,108.430000,109.650002,107.720001,109.320000,101.659668,653800
2014-08-05,109.180000,109.440002,107.879997,108.190002,100.608856,621200
2014-08-06,108.070000,109.160004,107.550003,108.860001,101.231911,820800
2014-08-07,109.199997,109.500000,107.760002,108.050003,100.478676,587200
2014-08-08,108.419998,109.160004,107.919998,109.110001,101.464386,614900
2014-08-11,109.180000,109.849998,109.120003,109.379997,101.715462,558800
2014-08-12,109.510002,110.169998,109.209999,110.019997,102.310608,571100
2014-08-13,110.349998,111.309998,110.250000,111.269997,103.473007,665000
2014-08-14,111.519997,112.000000,111.470001,111.970001,104.123985,710000
2014-08-15,112.000000,112.699997,111.029999,112.370003,104.495964,1119600
2014-08-18,112.800003,113.959999,112.669998,113.400002,105.453758,810200
2014-08-19,113.639999,114.050003,113.430000,113.820000,105.844337,621900
2014-08-20,113.559998,114.110001,113.480003,113.690002,105.723473,674900
2014-08-21,113.900002,114.190002,113.230003,113.769997,105.797852,706200
2014-08-22,113.510002,113.860001,113.220001,113.660004,105.695541,541000
2014-08-25,114.000000,115.160004,113.820000,114.580002,106.551094,669700
2014-08-26,114.930000,115.459999,114.470001,114.870003,106.820770,671700
2014-08-27,114.849998,115.089996,113.779999,114.080002,106.086121,641700
2014-08-28,113.760002,114.709999,113.559998,114.389999,106.374390,693000
2014-08-29,114.489998,114.860001,114.260002,114.820000,106.774292,593800
2014-09-02,114.940002,115.029999,114.239998,114.650002,106.616180,698800
2014-09-03,114.989998,115.099998,114.629997,114.839996,106.792870,591300
2014-09-04,114.750000,115.379997,114.610001,114.889999,106.839371,591200
2014-09-05,114.750000,115.510002,114.720001,115.510002,107.415916,531800
2014-09-08,115.279999,116.099998,114.959999,115.639999,107.536812,741600
2014-09-09,115.320000,115.529999,114.510002,114.660004,106.625488,478700
2014-09-10,114.820000,114.820000,113.870003,114.750000,106.709175,507600
2014-09-11,114.550003,114.910004,114.190002,114.699997,106.662674,452700
2014-09-12,114.589996,116.309998,114.339996,115.470001,107.636803,1208700
2014-09-15,115.300003,115.610001,114.650002,115.089996,107.282570,726600
2014-09-16,115.099998,116.489998,114.660004,116.120003,108.242683,774400
2014-09-17,116.529999,117.180000,115.940002,116.690002,108.774033,633300
2014-09-18,116.790001,117.570000,116.570000,117.529999,109.557037,695000
2014-09-19,118.150002,118.459999,117.730003,118.070000,110.060432,1201000
2014-09-22,117.900002,118.430000,117.110001,117.309998,109.351967,979900
2014-09-23,117.290001,117.320000,116.739998,116.769997,108.848610,726300
2014-09-24,116.839996,117.879997,116.769997,117.629997,109.650261,1075300
2014-09-25,117.480003,118.110001,115.639999,115.639999,107.795273,1270300
2014-09-26,115.540001,116.639999,115.510002,116.559998,108.652832,935700
2014-09-29,116.059998,116.709999,115.709999,116.320000,108.429131,724000
2014-09-30,116.250000,116.690002,114.500000,114.830002,107.040215,1118300
2014-10-01,114.889999,114.889999,112.320000,112.699997,105.054703,1391000
2014-10-02,112.430000,113.459999,111.529999,113.300003,105.613998,1300500
2014-10-03,113.660004,114.800003,113.529999,114.650002,106.872429,999800
2014-10-06,115.000000,115.389999,113.300003,113.419998,105.725868,1033600
2014-10-07,112.930000,113.129997,111.800003,111.809998,104.225105,1014800
2014-10-08,111.699997,113.570000,110.779999,113.500000,105.800423,1022200
2014-10-09,113.360001,113.769997,110.470001,110.660004,103.153084,1405000
2014-10-10,110.449997,110.930000,109.279999,109.279999,101.866714,1304600
2014-10-13,109.449997,109.820000,107.470001,107.540001,100.244728,1127600
2014-10-14,108.309998,108.639999,106.410004,106.980003,99.722748,1590800
2014-10-15,106.080002,106.099998,103.760002,105.339996,98.193985,3094400
2014-10-16,103.550003,106.349998,103.400002,105.389999,98.240608,2736400
2014-10-17,106.220001,109.190002,106.220001,107.889999,100.570999,1865900
2014-10-20,107.980003,109.959999,107.919998,109.949997,102.491257,885100
2014-10-21,110.559998,112.790001,110.279999,112.699997,105.054703,1187200
2014-10-22,112.919998,114.150002,112.389999,112.410004,104.784355,1398600
2014-10-23,113.720001,113.720001,112.300003,112.559998,104.924210,1080400
2014-10-24,112.559998,112.989998,111.660004,112.720001,105.073349,833800
2014-10-27,112.540001,112.540001,110.260002,110.639999,103.134430,1847800
2014-10-28,111.739998,113.570000,110.129997,110.610001,103.106491,1626700
2014-10-29,110.300003,110.440002,107.059998,108.160004,100.822685,4439500
2014-10-30,107.699997,108.709999,106.900002,108.349998,100.999825,865400
2014-10-31,109.910004,111.349998,109.050003,111.230003,103.684418,1526900
2014-11-03,111.639999,111.639999,109.889999,110.099998,102.631065,1634500
2014-11-04,110.050003,110.279999,108.709999,109.349998,101.931953,1253500
2014-11-05,110.160004,110.809998,109.500000,110.459999,102.966660,1325300
2014-11-06,110.820000,111.989998,110.269997,111.940002,104.346275,875300
2014-11-07,112.019997,112.629997,111.949997,112.480003,104.849632,737200
2014-11-10,112.449997,112.820000,112.169998,112.730003,105.082657,505100
2014-11-11,112.150002,113.370003,111.949997,112.790001,105.138603,536900
2014-11-12,112.779999,113.400002,112.440002,112.980003,105.315697,652000
2014-11-13,113.300003,113.669998,112.440002,112.949997,105.287743,1061000
2014-11-14,112.839996,112.879997,112.180000,112.410004,104.784355,1040400
2014-11-17,112.339996,113.129997,112.129997,112.190002,104.579292,641400
2014-11-18,112.440002,113.389999,112.000000,113.180000,105.502136,893200
2014-11-19,113.260002,113.480003,112.739998,113.220001,105.539429,913300
2014-11-20,112.480003,113.629997,112.449997,113.459999,105.763153,590000
2014-11-21,114.529999,115.190002,114.139999,114.559998,106.788528,1051600
2014-11-24,114.570000,114.809998,113.550003,114.500000,106.732582,786700
2014-11-25,114.400002,114.720001,113.419998,113.500000,105.800423,1046200
2014-11-26,113.309998,113.800003,112.500000,113.750000,106.033470,787200
2014-11-28,113.349998,113.349998,108.089996,108.949997,101.559059,1678100
2014-12-01,106.599998,108.010002,103.919998,104.300003,97.224548,3253800
2014-12-02,104.000000,106.459999,103.809998,106.230003,99.023605,2826600
2014-12-03,106.129997,109.300003,106.070000,109.250000,101.838737,2633200
2014-12-04,109.199997,109.820000,108.849998,109.529999,102.099739,1603300
2014-12-05,109.680000,110.410004,108.820000,109.040001,101.642990,1328300
2014-12-08,107.930000,108.370003,103.650002,103.849998,96.805061,2827000
2014-12-09,102.809998,105.610001,102.519997,105.449997,98.296516,1687800
2014-12-10,105.279999,105.279999,103.800003,104.209999,97.140648,2089400
2014-12-11,104.360001,105.580002,103.720001,104.639999,97.541473,1689400
2014-12-12,103.510002,103.980003,102.309998,102.330002,95.689972,1637400
2014-12-15,103.360001,103.879997,101.680000,102.029999,95.409431,2096300
2014-12-16,101.660004,103.709999,101.260002,101.550003,94.960579,1650600
2014-12-17,102.360001,104.599998,102.089996,104.430000,97.653664,2495000
2014-12-18,105.419998,106.169998,104.489998,105.290001,98.457893,2203800
2014-12-19,106.080002,107.059998,105.440002,106.629997,99.710945,1976800
2014-12-22,106.760002,107.059998,106.080002,106.830002,99.897957,1344000
2014-12-23,107.330002,107.930000,106.970001,107.449997,100.477722,1278500
2014-12-24,107.599998,107.720001,107.160004,107.180000,100.225243,417200
2014-12-26,106.900002,107.730003,106.800003,107.110001,100.159782,661000
2014-12-29,106.769997,107.480003,106.610001,106.739998,99.813789,990900
2014-12-30,106.599998,106.830002,105.230003,105.269997,98.439201,1158200
2014-12-31,105.519997,105.849998,104.500000,104.519997,97.737846,1036500
2015-01-02,104.690002,105.239998,103.610001,104.309998,97.541481,1191200
2015-01-05,103.830002,104.190002,101.940002,101.980003,95.362656,2073800
2015-01-06,101.690002,101.730003,97.779999,98.930000,92.510567,3396100
2015-01-07,99.940002,100.639999,99.080002,100.379997,93.866486,2315500
2015-01-08,101.459999,103.160004,101.370003,102.620003,95.961121,1935500
2015-01-09,102.559998,102.800003,101.220001,101.330002,94.754837,1784900
2015-01-12,101.610001,101.750000,99.510002,100.760002,94.221825,2157200
2015-01-13,101.250000,102.239998,100.820000,101.919998,95.306534,2083000
2015-01-14,100.269997,101.419998,99.949997,101.330002,94.754837,1721300
2015-01-15,101.730003,102.400002,100.650002,100.680000,94.147026,1460000
2015-01-16,100.940002,102.389999,100.519997,102.209999,95.577744,1754300
2015-01-20,102.989998,103.480003,101.370003,102.559998,95.905006,1938000
2015-01-21,102.400002,104.050003,101.800003,104.000000,97.251587,1716400
2015-01-22,104.750000,106.440002,104.279999,106.370003,99.467796,2078700
2015-01-23,106.449997,107.190002,105.769997,105.879997,99.009598,1749000
2015-01-26,106.010002,107.059998,105.419998,107.019997,100.075630,1884600
2015-01-27,105.639999,107.440002,105.540001,106.480003,99.570679,1462700
2015-01-28,106.959999,106.959999,103.540001,103.580002,96.858849,1730500
2015-01-29,103.459999,104.650002,102.449997,104.379997,97.606934,2048100
2015-01-30,103.019997,104.639999,103.019997,103.769997,97.036507,2634500
2015-02-02,102.529999,104.339996,101.570000,103.489998,96.774689,2059000
2015-02-03,103.910004,106.139999,103.790001,106.080002,99.196632,1566400
2015-02-04,106.000000,106.000000,104.129997,104.440002,97.663040,1384100
2015-02-05,105.120003,106.699997,104.639999,106.379997,99.477158,1281700
2015-02-06,106.610001,107.349998,106.349998,106.680000,99.757698,1052900
2015-02-09,106.589996,107.440002,106.540001,107.239998,100.281364,1358500
2015-02-10,107.610001,108.339996,106.760002,108.330002,101.300636,1305800
2015-02-11,108.250000,109.809998,107.879997,109.309998,102.217033,1834700
2015-02-12,110.050003,111.160004,109.620003,110.769997,103.582298,1585000
2015-02-13,111.019997,112.099998,110.620003,111.620003,104.377144,1150200
2015-02-17,111.650002,111.980003,110.900002,111.669998,104.423882,1029600
2015-02-18,111.320000,111.570000,110.680000,111.559998,104.321022,1246900
2015-02-19,110.849998,111.800003,110.010002,111.769997,104.517395,1323500
2015-02-20,111.730003,112.570000,110.919998,112.529999,105.228096,2188100
2015-02-23,112.070000,112.099998,110.980003,111.410004,104.180763,1481400
2015-02-24,111.230003,113.379997,110.379997,113.000000,105.667618,2182500
2015-02-25,113.000000,115.680000,112.900002,115.650002,108.145668,2135500
2015-02-26,115.320000,116.720001,114.519997,116.150002,108.613182,1820600
2015-02-27,115.980003,117.000000,115.449997,115.540001,108.042770,1612700
2015-03-02,115.519997,116.029999,114.750000,115.959999,108.435539,1369800
2015-03-03,115.290001,116.370003,114.730003,116.190002,108.650604,1179100
2015-03-04,115.779999,116.540001,114.760002,116.180000,108.641258,1681300
2015-03-05,116.739998,116.889999,115.709999,116.769997,109.192947,1029600
2015-03-06,116.500000,116.720001,114.510002,114.690002,107.551865,1360300
2015-03-09,114.690002,116.230003,114.510002,115.879997,108.667824,1117400
2015-03-10,114.750000,115.500000,114.160004,114.889999,107.739441,1665200
2015-03-11,114.510002,115.400002,114.309998,114.500000,107.373680,1166700
2015-03-12,114.440002,115.879997,114.440002,115.809998,108.602173,1030500
2015-03-13,115.320000,115.540001,114.010002,114.470001,107.345573,1073600
2015-03-16,114.779999,115.589996,114.480003,115.169998,108.001999,1220700
2015-03-17,114.410004,114.870003,113.410004,114.309998,107.195534,1155600
2015-03-18,113.870003,116.449997,112.750000,115.699997,108.499039,1338800
2015-03-19,115.160004,115.529999,114.309998,115.010002,107.851967,968300
2015-03-20,115.750000,116.019997,115.239998,115.269997,108.095795,1572500
2015-03-23,115.459999,115.459999,114.269997,114.279999,107.167389,1290200
2015-03-24,114.279999,114.570000,113.519997,113.580002,106.510971,1529000
2015-03-25,114.169998,114.980003,113.320000,113.820000,106.736015,1893700
2015-03-26,113.510002,114.650002,113.480003,114.260002,107.148643,1028500
2015-03-27,114.139999,114.550003,113.709999,114.239998,107.129898,1076700
2015-03-30,114.889999,115.669998,114.339996,114.790001,107.645660,1188900
2015-03-31,114.330002,115.410004,114.190002,114.379997,107.261162,929500
2015-04-01,114.379997,114.580002,113.150002,113.540001,106.473473,1279100
2015-04-02,113.160004,114.360001,113.160004,113.370003,106.314041,900800
2015-04-06,113.209999,114.980003,113.040001,114.639999,107.504990,1085700
2015-04-07,114.580002,115.279999,114.389999,114.570000,107.439346,516700
2015-04-08,114.709999,115.500000,114.709999,115.339996,108.161430,807200
2015-04-09,115.500000,116.190002,115.300003,115.860001,108.649048,901700
2015-04-10,116.000000,116.940002,115.440002,116.360001,109.117958,947200
2015-04-13,116.089996,116.839996,115.400002,115.430000,108.245827,897800
2015-04-14,115.489998,116.320000,115.059998,116.150002,108.921013,1016000
2015-04-15,116.370003,117.279999,116.279999,117.019997,109.736870,849400
2015-04-16,116.589996,117.309998,116.279999,116.830002,109.558701,809700
2015-04-17,116.080002,116.269997,114.489998,115.199997,108.030121,1189200
2015-04-20,115.980003,116.440002,115.650002,116.150002,108.921013,857500
2015-04-21,116.230003,116.629997,115.459999,115.879997,108.667824,981800
2015-04-22,115.879997,116.059998,115.050003,116.050003,108.827232,1109400
2015-04-23,116.010002,116.410004,115.629997,115.849998,108.639687,505200
2015-04-24,115.889999,116.139999,115.250000,115.589996,108.395859,699600
2015-04-27,116.190002,116.489998,115.540001,116.089996,108.864746,1533200
2015-04-28,113.820000,114.379997,110.029999,112.970001,105.938934,3208600
2015-04-29,112.559998,114.639999,111.580002,114.410004,107.289314,2125400
2015-04-30,114.070000,114.209999,111.839996,111.980003,105.010544,1766800
2015-05-01,112.279999,114.040001,112.080002,113.949997,106.857941,1500300
2015-05-04,114.250000,114.669998,113.699997,113.970001,106.876686,1085700
2015-05-05,114.410004,114.870003,112.120003,112.360001,105.366890,1342400
2015-05-06,112.800003,113.190002,112.019997,112.500000,105.498192,1596500
2015-05-07,112.300003,113.389999,112.099998,113.279999,106.229637,954600
2015-05-08,112.529999,115.570000,112.339996,114.790001,107.645660,932800
2015-05-11,114.330002,114.760002,113.449997,113.580002,106.510971,1191300
2015-05-12,112.980003,113.860001,112.519997,113.449997,106.389046,976500
2015-05-13,113.570000,114.440002,113.190002,114.010002,106.914215,1020100
2015-05-14,114.839996,116.000000,114.330002,115.989998,108.770966,855000
2015-05-15,116.000000,116.230003,115.059998,116.120003,108.892876,870700
2015-05-18,115.680000,116.120003,115.470001,115.849998,108.639687,756800
2015-05-19,116.250000,116.300003,115.430000,115.730003,108.527176,1134200
2015-05-20,116.000000,116.139999,115.339996,115.570000,108.377113,800600
2015-05-21,115.440002,116.309998,115.349998,116.040001,108.817863,854200
2015-05-22,115.610001,116.110001,115.099998,115.260002,108.086411,998200
2015-05-26,114.910004,114.930000,113.449997,113.820000,106.736015,862200
2015-05-27,113.820000,114.629997,113.589996,114.449997,107.326805,1115200
2015-05-28,113.879997,114.839996,113.790001,114.800003,107.655045,1350400
2015-05-29,114.949997,115.010002,114.080002,114.650002,107.514374,2303500
2015-06-01,114.989998,115.510002,114.110001,115.059998,107.898842,1149900
2015-06-02,114.230003,116.300003,114.230003,115.669998,108.470879,949400
2015-06-03,115.980003,116.580002,115.489998,116.360001,109.117958,899000
2015-06-04,115.580002,115.820000,113.900002,114.019997,106.923584,860700
2015-06-05,113.559998,114.480003,113.330002,114.010002,106.914215,789300
2015-06-08,113.989998,114.459999,113.580002,113.599998,106.529686,660400
2015-06-09,113.900002,114.330002,113.230003,113.660004,106.585999,959200
2015-06-10,114.230003,115.790001,114.070000,115.610001,108.414619,810800
2015-06-11,115.930000,116.279999,115.599998,115.709999,108.508400,780500
2015-06-12,115.279999,115.279999,114.160004,114.260002,107.455086,687500
2015-06-15,114.000000,114.139999,113.349998,113.879997,107.097740,1023600
2015-06-16,113.849998,114.620003,113.540001,114.449997,107.633789,965800
2015-06-17,115.000000,115.440002,114.029999,115.040001,108.188652,1024800
2015-06-18,115.629997,117.540001,115.379997,117.220001,110.238831,1263900
2015-06-19,117.459999,118.269997,117.050003,117.169998,110.191811,2385300
2015-06-22,117.540001,118.089996,117.239998,117.730003,110.718452,997300
2015-06-23,117.959999,117.959999,116.900002,117.220001,110.238831,655300
2015-06-24,117.019997,117.379997,116.239998,116.260002,109.335976,683200
2015-06-25,116.250000,116.959999,115.699997,115.959999,109.053879,710500
2015-06-26,116.449997,116.550003,115.559998,115.730003,108.837570,771600
2015-06-29,114.800003,115.239998,112.889999,112.930000,106.204323,1197600
2015-06-30,113.690002,114.000000,112.650002,113.070000,106.335976,1608500
2015-07-01,113.669998,114.000000,112.949997,113.199997,106.458237,886300
2015-07-02,113.779999,113.849998,112.150002,112.809998,106.091454,816600
2015-07-06,111.650002,113.019997,111.309998,111.900002,105.235664,901600
2015-07-07,111.900002,112.379997,110.459999,112.180000,105.498993,945300
2015-07-08,111.320000,111.510002,110.400002,110.620003,104.031906,1190200
2015-07-09,112.209999,112.209999,110.580002,110.610001,104.022484,751200
2015-07-10,111.769997,112.449997,111.470001,112.279999,105.593010,543100
2015-07-13,113.260002,113.820000,112.879997,113.730003,106.956673,494200
2015-07-14,113.610001,114.910004,113.180000,114.699997,107.868889,856500
2015-07-15,114.709999,115.480003,114.199997,114.599998,107.774857,1110400
2015-07-16,115.070000,115.279999,114.169998,114.699997,107.868889,825100
2015-07-17,114.470001,114.860001,112.080002,112.779999,106.063232,1532300
2015-07-20,112.709999,113.610001,112.379997,112.769997,106.053825,1178800
2015-07-21,112.989998,113.419998,111.889999,112.570000,105.865761,941600
2015-07-22,112.440002,112.879997,111.769997,111.849998,105.188652,924200
2015-07-23,111.949997,112.330002,111.180000,111.239998,104.614960,879000
2015-07-24,111.239998,111.239998,109.139999,109.529999,103.006790,999200
2015-07-27,109.000000,109.099998,107.720001,108.389999,101.934700,1841900
2015-07-28,108.379997,114.279999,108.239998,113.769997,106.994270,2405000
2015-07-29,113.879997,115.779999,113.050003,115.320000,108.451988,1281400
2015-07-30,115.339996,116.250000,115.209999,116.099998,109.185509,893000
2015-07-31,116.500000,116.959999,115.559998,115.809998,108.912788,923000
2015-08-03,115.250000,115.980003,114.660004,115.279999,108.414360,1022500
2015-08-04,115.889999,115.970001,114.989998,115.320000,108.451988,685000
2015-08-05,116.739998,117.690002,115.930000,116.750000,109.796806,843100
2015-08-06,116.540001,117.180000,115.949997,116.309998,109.383003,743600
2015-08-07,116.129997,116.500000,114.139999,114.360001,107.549149,889100
2015-08-10,115.050003,116.589996,114.720001,116.589996,109.646324,774300
2015-08-11,115.339996,116.150002,114.669998,115.930000,109.025627,1129800
2015-08-12,115.389999,115.860001,114.190002,115.040001,108.188652,1180700
2015-08-13,115.250000,115.849998,114.330002,115.279999,108.414360,626500
2015-08-14,115.500000,116.550003,115.080002,116.480003,109.542892,697200
2015-08-17,116.150002,116.650002,115.290001,116.349998,109.420639,817500
2015-08-18,116.019997,116.699997,115.570000,115.900002,108.997414,577700
2015-08-19,115.120003,115.720001,114.540001,114.860001,108.019386,633400
2015-08-20,114.080002,114.849998,112.570000,112.620003,105.912773,1211900
2015-08-21,111.919998,112.169998,109.739998,109.900002,103.354774,1448900
2015-08-24,104.470001,109.279999,103.089996,105.349998,99.075737,2321900
2015-08-25,109.129997,109.389999,104.389999,104.529999,98.304565,2222800
2015-08-26,106.570000,106.680000,104.260002,106.489998,100.147858,1952700
2015-08-27,108.239998,110.739998,107.849998,109.919998,103.373566,1824100
2015-08-28,109.480003,110.760002,109.209999,110.459999,103.881416,988000
2015-08-31,109.449997,110.389999,108.379997,109.139999,102.640030,1033000
2015-09-01,106.779999,107.669998,104.940002,105.419998,99.141563,2168300
2015-09-02,106.769997,108.110001,105.529999,107.980003,101.549126,2889800
2015-09-03,108.790001,109.320000,108.080002,108.830002,102.348488,1101700
2015-09-04,107.190002,107.980003,106.500000,106.540001,100.194878,1429500
2015-09-08,108.379997,108.629997,107.089996,108.589996,102.122780,1386100
2015-09-09,110.320000,112.000000,110.000000,110.519997,103.937843,2552200
2015-09-10,110.139999,111.419998,109.690002,110.440002,103.862610,1620800
2015-09-11,109.379997,110.209999,108.779999,109.989998,103.749405,1095800
2015-09-14,110.010002,110.300003,108.470001,108.919998,102.740128,1231300
2015-09-15,109.510002,110.820000,109.019997,110.209999,103.956924,1489600
2015-09-16,110.129997,113.750000,110.129997,113.599998,107.154572,1600900
2015-09-17,113.449997,115.349998,113.040001,113.540001,107.098015,1597600
2015-09-18,112.300003,113.089996,111.680000,112.550003,106.164177,1898400
2015-09-21,113.089996,113.870003,112.489998,112.730003,106.333939,881600
2015-09-22,111.500000,111.690002,110.019997,110.860001,104.570061,984800
2015-09-23,111.010002,111.040001,109.650002,110.040001,103.796570,1073900
2015-09-24,109.050003,111.000000,108.690002,110.540001,104.268204,1417800
2015-09-25,111.489998,111.680000,109.809998,110.459999,104.192749,1417600
2015-09-28,109.540001,110.180000,107.279999,107.320000,101.230904,1454600
2015-09-29,107.750000,108.730003,107.029999,108.360001,102.211906,1674300
2015-09-30,109.320000,110.040001,108.580002,109.720001,103.494751,1696100
2015-10-01,110.209999,112.400002,109.639999,112.330002,105.956657,1800900
2015-10-02,110.879997,114.230003,110.699997,114.199997,107.720528,1507500
2015-10-05,114.949997,115.779999,114.510002,115.739998,109.173172,1526500
2015-10-06,115.739998,117.550003,115.550003,117.190002,110.540901,1964800
2015-10-07,117.500000,118.360001,116.129997,118.269997,111.559624,1764400
2015-10-08,118.110001,120.730003,117.720001,120.529999,113.691383,1650500
2015-10-09,119.000000,120.739998,118.959999,120.540001,113.700836,2142600
2015-10-12,120.150002,120.800003,119.410004,120.570000,113.729126,991900
2015-10-13,119.629997,121.059998,119.120003,120.160004,113.342392,1645200
2015-10-14,120.129997,121.889999,119.900002,121.339996,114.455444,1109300
2015-10-15,121.599998,121.870003,120.230003,121.580002,114.681839,902700
2015-10-16,122.190002,122.300003,120.839996,122.099998,115.172318,1077800
2015-10-19,120.669998,120.940002,118.430000,119.379997,112.606613,2008100
2015-10-20,119.129997,120.059998,118.779999,119.430000,112.653824,1113000
2015-10-21,119.900002,120.000000,117.529999,117.900002,111.210609,1260600
2015-10-22,118.820000,120.769997,118.339996,120.550003,113.710304,2349600
2015-10-23,121.250000,121.620003,119.669998,119.989998,113.182045,1407400
2015-10-26,120.230003,120.849998,119.410004,119.580002,112.795311,1182500
2015-10-27,119.070000,119.400002,117.809998,118.529999,111.804871,998500
2015-10-28,118.650002,119.690002,118.209999,119.589996,112.804726,1060200
2015-10-29,119.029999,120.180000,119.010002,119.930000,113.125450,945600
2015-10-30,119.889999,120.940002,119.720001,120.349998,113.521622,1920200
2015-11-02,116.099998,120.339996,114.379997,117.989998,111.295494,3627900
2015-11-03,118.000000,122.480003,117.410004,120.040001,113.229195,1984900
2015-11-04,120.519997,120.750000,117.410004,117.489998,110.823891,2174600
2015-11-05,117.199997,118.529999,116.970001,117.639999,110.965370,1293000
2015-11-06,116.940002,117.910004,116.540001,117.400002,110.739006,1537900
2015-11-09,117.209999,117.629997,115.360001,115.959999,109.380707,864300
2015-11-10,115.650002,116.750000,114.519997,116.349998,109.748573,1131300
2015-11-11,116.610001,117.730003,115.879997,117.470001,110.805016,729900
2015-11-12,116.459999,116.809998,115.129997,115.150002,108.616646,817300
2015-11-13,114.830002,116.760002,114.320000,116.430000,109.824036,968900
2015-11-16,116.230003,116.959999,115.470001,116.699997,110.078705,1047400
2015-11-17,116.690002,117.959999,116.080002,116.750000,110.125862,1053500
2015-11-18,116.709999,118.440002,116.320000,118.320000,111.606804,1000000
2015-11-19,118.019997,118.470001,117.430000,117.910004,111.220055,741300
2015-11-20,118.370003,118.760002,117.870003,118.129997,111.427567,984400
2015-11-23,118.070000,120.769997,118.070000,119.519997,112.738693,1661700
2015-11-24,119.470001,120.400002,118.790001,119.720001,112.927361,979000
2015-11-25,119.500000,120.160004,118.959999,119.019997,112.267067,1087100
2015-11-27,118.779999,119.349998,118.050003,118.910004,112.163315,389900
2015-11-30,119.150002,119.330002,118.080002,119.160004,112.399147,2955100
2015-12-01,119.500000,119.790001,118.820000,119.669998,112.880196,931000
2015-12-02,119.330002,119.779999,118.459999,118.639999,111.908646,858100
2015-12-03,118.970001,119.489998,117.379997,117.889999,111.201187,1223300
2015-12-04,118.209999,119.400002,117.900002,119.230003,112.465157,1417200
2015-12-07,118.610001,119.489998,117.550003,118.360001,111.644508,910000
2015-12-08,117.059998,117.870003,116.300003,116.370003,109.767426,1042300
2015-12-09,116.839996,119.279999,116.449997,116.949997,110.314522,1177900
2015-12-10,116.690002,117.290001,115.629997,115.959999,109.380707,938800
2015-12-11,114.120003,114.279999,112.190002,112.389999,106.334190,1378700
2015-12-14,112.169998,113.940002,111.769997,113.639999,107.516830,1361500
2015-12-15,114.550003,115.220001,113.849998,115.070000,108.869766,1224700
2015-12-16,115.669998,118.059998,115.160004,117.889999,111.537857,1289700
2015-12-17,118.050003,118.489998,115.250000,115.300003,109.087402,1056900
2015-12-18,115.160004,115.180000,112.580002,112.620003,106.551788,1754900
2015-12-21,113.320000,113.900002,112.599998,113.220001,107.119476,913400
2015-12-22,113.980003,114.690002,113.150002,114.419998,108.254791,719100
2015-12-23,115.470001,116.690002,114.940002,116.500000,110.222740,818300
2015-12-24,116.190002,116.279999,115.550003,115.779999,109.541534,331100
2015-12-28,115.320000,115.570000,114.680000,115.470001,109.248230,480900
2015-12-29,116.400002,116.809998,115.760002,116.389999,110.118668,669500
2015-12-30,116.169998,116.459999,115.370003,115.430000,109.210381,525300
2015-12-31,115.040001,116.139999,114.370003,114.379997,108.216942,965400
2016-01-04,112.900002,113.150002,111.000000,112.489998,106.428795,1769700
2016-01-05,112.550003,113.690002,112.290001,112.900002,106.816704,1222800
2016-01-06,109.820000,110.849998,106.550003,108.070000,102.246964,3837000
2016-01-07,105.949997,107.870003,104.940002,105.269997,99.597832,1963100
2016-01-08,105.489998,105.779999,104.080002,104.349998,98.727402,1297300
2016-01-11,104.660004,105.180000,103.610001,104.620003,98.982857,1498400
2016-01-12,105.830002,106.250000,104.610001,105.720001,100.023598,1349100
2016-01-13,106.650002,106.760002,103.019997,103.129997,97.573135,1399600
2016-01-14,103.480003,105.400002,102.480003,104.820000,99.172089,1485000
2016-01-15,103.389999,103.910004,100.589996,102.580002,97.052773,2042300
2016-01-19,104.000000,104.080002,101.489998,102.370003,96.854073,1426800
2016-01-20,100.879997,103.540001,99.989998,102.440002,96.920311,1738000
2016-01-21,102.110001,102.739998,100.589996,101.849998,96.362122,1627900
2016-01-22,103.879997,106.809998,103.610001,104.989998,99.332916,1555500
2016-01-25,104.480003,104.889999,103.080002,103.260002,97.696152,1206000
2016-01-26,103.410004,104.160004,103.120003,104.129997,98.519257,1148000
2016-01-27,103.410004,104.730003,102.059998,102.779999,97.242004,1146500
2016-01-28,104.080002,105.199997,103.379997,104.000000,98.396271,1030200
2016-01-29,104.709999,107.980003,103.989998,107.870003,102.057739,2133100
2016-02-01,106.559998,107.650002,105.480003,107.419998,101.631981,1109500
2016-02-02,106.540001,106.540001,104.690002,104.930000,99.276154,1330400
2016-02-03,106.900002,107.900002,104.150002,107.279999,101.499527,1546100
2016-02-04,107.459999,109.690002,107.129997,109.169998,103.287704,1382200
2016-02-05,108.889999,108.889999,105.669998,106.169998,100.449348,1353100
2016-02-08,105.040001,105.720001,102.440002,103.620003,98.036751,1654500
2016-02-09,102.910004,107.699997,102.209999,107.199997,101.423836,1792600
2016-02-10,107.620003,109.650002,106.070000,106.209999,100.487167,1239400
2016-02-11,104.019997,104.599998,102.550003,103.300003,97.733986,1449000
2016-02-12,104.959999,106.930000,104.040001,106.629997,100.884560,1201600
2016-02-16,108.230003,108.879997,106.379997,108.650002,102.795715,1243500
2016-02-17,110.000000,110.559998,109.559998,109.959999,104.035126,1353200
2016-02-18,109.730003,110.000000,108.339996,108.760002,102.899788,1000300
2016-02-19,108.300003,108.330002,106.769997,107.769997,101.963120,2189700
2016-02-22,109.269997,109.470001,106.849998,108.089996,102.265900,2274700
2016-02-23,103.620003,104.120003,99.989998,100.139999,94.744255,6287600
2016-02-24,99.410004,102.309998,98.620003,102.129997,96.627007,2945800
2016-02-25,102.589996,103.690002,101.589996,103.680000,98.093491,1250900
2016-02-26,104.449997,106.559998,104.220001,106.279999,100.553391,1816400
2016-02-29,105.940002,106.809998,102.550003,102.550003,97.024399,2055100
2016-03-01,103.550003,106.139999,102.690002,105.860001,100.156036,1789700
2016-03-02,105.279999,105.720001,104.099998,104.680000,99.039612,1385800
2016-03-03,104.730003,105.480003,104.459999,105.239998,99.569450,1164400
2016-03-04,105.699997,107.120003,104.790001,106.330002,100.600693,1235000
2016-03-07,105.699997,106.669998,105.269997,105.959999,100.250641,1148300
2016-03-08,104.949997,105.400002,104.209999,104.279999,98.661171,1362300
2016-03-09,104.739998,105.330002,103.919998,104.220001,98.604385,2218900
2016-03-10,104.830002,106.260002,103.879997,105.260002,99.588379,1639000
2016-03-11,106.010002,106.820000,105.949997,106.360001,100.964790,1000600
2016-03-14,104.279999,104.279999,102.919998,103.040001,97.813232,2158800
2016-03-15,102.769997,104.190002,102.379997,104.050003,98.771988,1359900
2016-03-16,103.949997,106.430000,103.529999,105.870003,100.499672,1169000
2016-03-17,106.029999,108.080002,106.029999,107.839996,102.369728,1762100
2016-03-18,108.220001,109.410004,107.739998,108.139999,102.654518,2388400
2016-03-21,108.129997,109.680000,107.830002,108.980003,103.451920,1343600
2016-03-22,108.040001,111.860001,108.040001,110.559998,104.951767,2044300
2016-03-23,110.250000,110.910004,109.610001,110.000000,104.420174,898300
2016-03-24,109.269997,110.599998,109.080002,110.529999,104.923294,1065700
2016-03-28,110.529999,111.230003,109.580002,110.599998,104.989746,1109600
2016-03-29,110.120003,111.550003,109.769997,111.459999,105.806114,879600
2016-03-30,112.089996,113.220001,111.919998,112.419998,106.717407,982100
2016-03-31,112.620003,113.400002,111.059998,111.519997,105.863075,1289100
2016-04-01,110.470001,112.669998,109.830002,112.419998,106.717407,1355700
2016-04-04,111.970001,112.820000,111.690002,112.080002,106.394669,1279100
2016-04-05,111.260002,112.029999,110.970001,111.300003,105.654236,656900
2016-04-06,111.239998,112.459999,110.470001,112.360001,106.660454,940200
2016-04-07,111.730003,112.070000,110.449997,110.730003,105.113152,1017600
2016-04-08,112.099998,113.160004,111.290001,111.629997,105.967499,820100
2016-04-11,112.050003,112.790001,111.449997,111.470001,105.815628,698200
2016-04-12,111.510002,112.940002,111.500000,112.589996,106.878799,885300
2016-04-13,113.000000,114.199997,112.720001,114.129997,108.678520,1509700
2016-04-14,114.400002,115.980003,114.080002,115.470001,109.954514,1343800
2016-04-15,115.599998,115.599998,114.430000,115.010002,109.516479,1551600
2016-04-18,114.529999,115.230003,114.139999,115.180000,109.678360,1063200
2016-04-19,115.629997,116.099998,115.190002,116.040001,110.497292,767900
2016-04-20,115.800003,116.000000,114.830002,115.570000,110.049728,1081500
2016-04-21,115.839996,116.660004,115.110001,115.290001,109.783119,819400
2016-04-22,115.550003,116.680000,115.320000,116.239998,110.687744,1052200
2016-04-25,115.900002,116.330002,115.389999,115.730003,110.202095,1071500
2016-04-26,116.239998,116.379997,115.599998,115.959999,110.421097,849400
2016-04-27,116.010002,116.900002,115.550003,116.650002,111.078140,863600
2016-04-28,115.360001,115.730003,114.690002,115.300003,109.792641,1796300
2016-04-29,114.839996,115.370003,114.110001,114.980003,109.487930,1326200
2016-05-02,114.470001,115.139999,113.860001,114.269997,108.811821,2031500
2016-05-03,116.860001,116.870003,112.690002,113.589996,108.164299,2659400
2016-05-04,112.730003,115.680000,112.300003,115.309998,109.802139,2036900
2016-05-05,115.320000,115.930000,114.220001,115.040001,109.545059,1241000
2016-05-06,114.949997,117.330002,114.330002,117.050003,111.459045,1427000
2016-05-09,116.570000,116.669998,115.260002,115.470001,109.954514,1085900
2016-05-10,116.050003,117.169998,115.930000,117.110001,111.516167,862200
2016-05-11,117.050003,117.489998,116.500000,116.570000,111.001961,1067300
2016-05-12,117.290001,117.750000,116.599998,117.129997,111.535225,944300
2016-05-13,117.099998,117.300003,115.709999,116.019997,110.478233,1091400
2016-05-16,116.230003,118.370003,116.230003,118.160004,112.516029,984800
2016-05-17,117.699997,118.169998,116.809998,117.029999,111.439987,1091400
2016-05-18,116.650002,117.139999,115.470001,116.010002,110.468719,1086900
2016-05-19,115.860001,116.269997,114.989998,116.160004,110.611572,943500
2016-05-20,116.809998,117.580002,116.389999,116.720001,111.144806,1736100
2016-05-23,116.760002,117.180000,116.190002,116.849998,111.268593,678900
2016-05-24,117.150002,118.940002,115.019997,118.559998,112.896912,990400
2016-05-25,118.980003,119.500000,118.430000,118.519997,112.858818,1119900
2016-05-26,118.849998,119.089996,118.040001,118.199997,112.554108,846000
2016-05-27,118.199997,118.589996,117.839996,118.339996,112.687424,882900
2016-05-31,118.620003,118.620003,116.849998,117.239998,111.639969,1486600
2016-06-01,117.059998,118.610001,116.230003,118.519997,112.858818,829800
2016-06-02,117.949997,118.870003,117.500000,118.870003,113.192123,763400
2016-06-03,118.080002,118.970001,117.709999,118.790001,113.115936,1091200
2016-06-06,119.000000,120.339996,118.480003,120.129997,114.391914,1131500
2016-06-07,120.250000,120.970001,119.709999,120.809998,115.039444,950600
2016-06-08,121.000000,121.809998,120.400002,121.550003,115.744087,1109200
2016-06-09,121.139999,121.480003,120.480003,120.790001,115.020416,840500
2016-06-10,120.059998,120.440002,118.769997,120.250000,114.506195,1618000
2016-06-13,119.830002,121.269997,119.309998,119.339996,113.639664,1011800
2016-06-14,119.000000,119.570000,118.720001,119.349998,113.649162,1117400
2016-06-15,119.669998,119.879997,118.510002,118.599998,112.935005,1089800
2016-06-16,118.330002,119.500000,117.639999,119.320000,113.620613,1120000
2016-06-17,118.970001,118.970001,117.790001,118.599998,113.267242,1359500
2016-06-20,119.410004,120.169998,119.089996,119.139999,113.782982,925100
2016-06-21,119.330002,119.830002,118.930000,119.430000,114.059944,608300
2016-06-22,119.769997,120.000000,119.330002,119.440002,114.069496,705900
2016-06-23,120.790001,121.169998,120.250000,120.940002,115.502037,807300
2016-06-24,117.860001,118.160004,116.120003,116.370003,111.137535,1405200
2016-06-27,115.169998,115.480003,113.790001,114.470001,109.322952,1563300
2016-06-28,115.489998,115.900002,114.529999,115.250000,110.067886,1232500
2016-06-29,116.000000,116.930000,116.000000,116.790001,111.538628,1045900
2016-06-30,116.839996,118.980003,116.570000,118.599998,113.267242,1706200
2016-07-01,118.870003,119.589996,118.589996,118.849998,113.506004,894700
2016-07-05,118.449997,118.449997,117.269997,117.589996,112.302666,1063400
2016-07-06,117.239998,118.169998,117.120003,117.800003,112.503220,888100
2016-07-07,117.949997,118.860001,117.389999,117.589996,112.302666,899800
2016-07-08,118.709999,119.620003,118.400002,119.199997,113.840256,1384900
2016-07-11,119.489998,119.489998,118.820000,119.099998,113.744766,731400
2016-07-12,119.750000,121.160004,119.580002,120.300003,114.890800,977200
2016-07-13,120.599998,120.720001,119.959999,120.559998,115.139107,786600
2016-07-14,120.940002,121.750000,120.940002,121.269997,115.817184,720900
2016-07-15,121.730003,121.750000,120.769997,120.949997,115.511581,779300
2016-07-18,120.680000,121.099998,120.120003,120.339996,114.929016,696000
2016-07-19,120.120003,120.550003,119.910004,120.139999,114.738014,680900
2016-07-20,120.190002,120.430000,119.709999,120.029999,114.632942,840500
2016-07-21,119.580002,119.959999,118.680000,119.639999,114.260498,1053800
2016-07-22,119.739998,120.389999,119.410004,120.019997,114.623405,573000
2016-07-25,120.000000,120.209999,119.019997,119.790001,114.403748,532500
2016-07-26,119.690002,120.050003,119.379997,119.750000,114.365555,640300
2016-07-27,119.790001,119.849998,118.379997,119.209999,113.849808,796800
2016-07-28,119.099998,119.769997,118.010002,119.129997,113.773422,807300
2016-07-29,118.809998,118.860001,117.610001,118.379997,113.057144,982700
2016-08-01,117.709999,119.220001,117.239998,118.669998,113.334114,1342100
2016-08-02,119.379997,122.820000,119.190002,122.809998,117.287941,2023300
2016-08-03,122.750000,123.410004,120.760002,121.410004,115.950897,1575100
2016-08-04,121.690002,122.660004,121.529999,122.230003,116.734032,1015800
2016-08-05,122.500000,122.790001,121.639999,122.720001,117.202019,822800
2016-08-08,123.000000,123.000000,122.029999,122.250000,116.753143,571300
2016-08-09,122.260002,123.440002,122.059998,122.800003,117.278404,606400
2016-08-10,123.110001,123.230003,122.379997,122.860001,117.335701,577100
2016-08-11,122.940002,123.300003,122.680000,123.150002,117.612671,481900
2016-08-12,122.800003,123.050003,122.180000,122.449997,116.944153,631600
2016-08-15,122.910004,122.980003,121.330002,122.680000,117.163788,720900
2016-08-16,122.550003,122.959999,122.019997,122.239998,116.743561,790700
2016-08-17,122.360001,122.580002,121.550003,122.260002,116.762695,608400
2016-08-18,122.129997,122.650002,122.070000,122.389999,116.886833,550200
2016-08-19,121.930000,122.940002,121.559998,122.769997,117.249763,803200
2016-08-22,122.379997,122.599998,121.650002,122.260002,116.762695,670400
2016-08-23,122.800003,123.279999,122.349998,122.669998,117.154266,563600
2016-08-24,122.279999,122.300003,121.430000,121.709999,116.237419,636100
2016-08-25,121.800003,123.269997,121.300003,122.800003,117.278404,828000
2016-08-26,123.239998,124.110001,122.580002,122.930000,117.402565,909900
2016-08-29,123.010002,124.160004,122.529999,123.889999,118.319382,658800
2016-08-30,124.089996,124.230003,123.440002,123.980003,118.405327,787200
2016-08-31,123.860001,124.230003,122.639999,123.050003,117.517174,786300
2016-09-01,122.739998,123.400002,121.720001,123.099998,117.564919,864800
2016-09-02,123.720001,124.239998,123.379997,124.050003,118.472191,577500
2016-09-06,124.160004,124.599998,123.290001,123.699997,118.137939,740700
2016-09-07,124.470001,124.470001,122.260002,122.739998,117.221100,698800
2016-09-08,122.400002,122.660004,121.989998,122.379997,116.877274,546300
2016-09-09,121.489998,121.940002,118.669998,118.680000,113.343666,1270800
2016-09-12,118.330002,120.440002,118.199997,120.059998,114.661606,923800
2016-09-13,119.500000,120.139999,117.169998,117.550003,112.264465,1061200
2016-09-14,117.529999,118.150002,116.879997,117.529999,112.245361,996900
2016-09-15,117.300003,118.430000,117.019997,118.080002,112.770630,649200
2016-09-16,117.389999,117.589996,116.660004,117.330002,112.387466,1057300
2016-09-19,118.010002,118.400002,117.309998,117.620003,112.665276,599700
2016-09-20,117.970001,118.220001,117.160004,117.309998,112.368324,1130600
2016-09-21,117.750000,118.570000,117.010002,118.489998,113.498619,749500
2016-09-22,119.330002,119.730003,118.839996,119.139999,114.121223,596800
2016-09-23,118.889999,119.449997,118.320000,119.040001,114.025452,1107300
2016-09-26,119.050003,119.519997,118.379997,118.930000,113.920082,806000
2016-09-27,118.669998,120.000000,118.459999,119.919998,114.868370,866400
2016-09-28,120.449997,121.440002,119.970001,121.300003,116.190224,888500
2016-09-29,121.059998,121.800003,120.410004,120.730003,115.644257,777900
2016-09-30,120.830002,122.070000,120.699997,121.720001,116.592552,956800
2016-10-03,121.550003,121.739998,120.809998,121.110001,116.008247,735200
2016-10-04,121.050003,121.260002,119.690002,120.160004,115.098274,932800
2016-10-05,120.230003,120.970001,119.889999,120.010002,114.954590,672200
2016-10-06,119.739998,120.970001,119.279999,120.540001,115.462257,607100
2016-10-07,120.489998,120.489998,118.639999,119.019997,114.006294,538200
2016-10-10,119.669998,120.000000,118.980003,119.070000,114.054192,493800
2016-10-11,118.480003,119.139999,116.500000,117.160004,112.224648,864300
2016-10-12,117.000000,117.680000,116.680000,117.139999,112.205490,705100
2016-10-13,116.459999,117.389999,116.019997,117.010002,112.080971,660200
2016-10-14,117.629997,117.820000,116.750000,116.760002,111.841499,903700
2016-10-17,116.489998,116.790001,116.199997,116.339996,111.439186,656400
2016-10-18,117.510002,117.550003,116.570000,116.599998,111.688232,634100
2016-10-19,116.800003,117.370003,116.379997,116.820000,111.898956,778600
2016-10-20,116.730003,116.889999,115.910004,116.430000,111.525375,588700
2016-10-21,116.029999,116.029999,115.019997,115.779999,110.902763,741200
2016-10-24,116.150002,116.800003,116.150002,116.709999,111.793594,676900
2016-10-25,116.379997,116.570000,115.849998,115.949997,111.065613,621100
2016-10-26,115.639999,115.870003,115.110001,115.349998,110.490883,755300
2016-10-27,115.440002,115.440002,114.650002,114.959999,110.117325,891800
2016-10-28,115.209999,116.209999,114.580002,115.099998,110.251404,860100
2016-10-31,115.389999,115.599998,114.000000,114.169998,109.360580,1523400
2016-11-01,113.800003,114.809998,111.389999,112.139999,107.416107,1673000
2016-11-02,112.160004,112.570000,111.500000,111.989998,107.272430,919300
2016-11-03,112.190002,112.309998,111.099998,111.180000,106.496544,943000
2016-11-04,111.180000,111.779999,110.650002,110.669998,106.008026,1012400
2016-11-07,111.970001,113.010002,111.760002,112.870003,108.115341,840900
2016-11-08,112.820000,114.010002,112.639999,113.599998,108.814606,583300
2016-11-09,111.809998,115.180000,111.070000,114.760002,109.925751,1346100
2016-11-10,115.000000,116.989998,114.690002,116.150002,111.257179,1272900
2016-11-11,115.839996,116.459999,115.330002,115.669998,110.797409,1062400
2016-11-14,115.790001,116.199997,113.769997,113.980003,109.178604,1330000
2016-11-15,113.980003,114.279999,113.500000,114.139999,109.331871,911900
2016-11-16,114.129997,114.839996,114.050003,114.779999,109.944908,619000
2016-11-17,114.639999,114.879997,114.120003,114.830002,109.992805,759500
2016-11-18,114.650002,115.269997,114.089996,114.279999,109.465981,710300
2016-11-21,114.839996,115.230003,114.360001,114.919998,110.079002,530300
2016-11-22,114.989998,116.559998,114.889999,116.360001,111.458336,990200
2016-11-23,116.309998,117.440002,116.309998,116.790001,111.870239,754300
2016-11-25,116.750000,116.839996,116.120003,116.639999,111.726540,359300
2016-11-28,116.139999,117.000000,116.050003,116.339996,111.439186,1070900
2016-11-29,116.040001,116.980003,115.779999,116.410004,111.506241,725800
2016-11-30,116.589996,117.370003,116.160004,116.730003,111.812775,1276500
2016-12-01,116.910004,118.550003,116.709999,118.489998,113.498619,1925500
2016-12-02,118.430000,118.739998,116.410004,116.889999,111.966019,1166000
2016-12-05,117.349998,119.050003,117.000000,118.559998,113.565666,1008400
2016-12-06,118.220001,118.379997,116.419998,116.889999,111.966019,1136900
2016-12-07,116.980003,118.820000,116.639999,118.809998,113.805130,1134300
2016-12-08,118.849998,119.760002,118.419998,119.610001,114.571419,922600
2016-12-09,119.519997,120.510002,119.150002,120.500000,115.423950,1121900
2016-12-12,120.680000,121.809998,120.489998,121.470001,116.353081,833900
2016-12-13,122.000000,122.250000,121.250000,122.220001,117.071487,1521400
2016-12-14,122.180000,122.279999,120.830002,121.050003,115.950775,876600
2016-12-15,120.660004,122.089996,119.750000,122.040001,116.899071,1199900
2016-12-16,121.750000,122.000000,120.199997,120.269997,115.553947,2066000
2016-12-19,120.580002,120.860001,120.110001,120.570000,115.842216,707700
2016-12-20,120.910004,121.190002,119.989998,120.419998,115.698082,848000
2016-12-21,120.379997,120.559998,119.349998,119.370003,114.689262,1105200
2016-12-22,119.180000,119.480003,118.349998,118.589996,113.939842,942300
2016-12-23,118.790001,119.129997,118.500000,118.760002,114.103180,815900
2016-12-27,118.760002,119.599998,118.639999,119.209999,114.535538,457700
2016-12-28,119.550003,119.739998,117.959999,118.000000,113.372986,574800
2016-12-29,117.949997,118.339996,117.480003,117.709999,113.094353,450500
2016-12-30,118.050003,118.269997,116.919998,117.220001,112.623573,715200
2017-01-03,118.120003,118.410004,117.290001,118.040001,113.411415,1080600
2017-01-04,118.250000,119.120003,118.010002,118.790001,114.132011,720000
2017-01-05,118.419998,118.760002,117.699997,118.610001,113.959076,731500
2017-01-06,118.699997,119.570000,118.309998,118.919998,114.256912,864600
2017-01-09,118.870003,119.389999,118.379997,118.839996,114.180046,914200
2017-01-10,118.500000,119.019997,117.779999,117.860001,113.238480,784900
2017-01-11,117.500000,118.480003,117.330002,118.320000,113.680443,771200
2017-01-12,117.769997,118.709999,117.529999,118.639999,113.987877,897600
2017-01-13,118.750000,119.220001,118.360001,118.570000,113.920647,596200
2017-01-17,118.239998,119.040001,117.690002,118.680000,114.026306,754800
2017-01-18,118.809998,119.190002,117.989998,119.070000,114.401031,1031600
2017-01-19,118.879997,119.489998,118.459999,118.849998,114.189651,711400
2017-01-20,119.150002,119.559998,117.550003,118.400002,113.757301,1355800
2017-01-23,118.320000,119.419998,118.099998,119.349998,114.670044,927900
2017-01-24,119.849998,122.000000,119.400002,121.650002,116.879868,1255900
2017-01-25,121.709999,122.540001,121.570000,122.489998,117.686905,1127500
2017-01-26,122.639999,122.639999,120.570000,120.949997,116.207298,910100
2017-01-27,120.779999,121.510002,120.430000,121.290001,116.533966,671800
2017-01-30,121.220001,121.540001,120.070000,121.489998,116.726120,975800
2017-01-31,121.190002,121.750000,119.769997,120.129997,115.419464,1094100
2017-02-01,119.739998,120.889999,119.510002,120.779999,116.043968,795600
2017-02-02,120.889999,121.239998,120.160004,120.209999,115.496307,756200
2017-02-03,120.360001,120.940002,120.010002,120.750000,116.015160,937900
2017-02-06,120.400002,120.480003,119.089996,119.699997,115.006310,813100
2017-02-07,119.989998,120.730003,119.419998,120.250000,115.534744,708800
2017-02-08,120.110001,120.510002,119.610001,120.339996,115.621216,604300
2017-02-09,120.339996,120.839996,120.110001,120.610001,115.880638,573600
2017-02-10,120.750000,121.400002,120.459999,121.199997,116.447502,642300
2017-02-13,121.220001,122.320000,120.790001,121.760002,116.985542,732800
2017-02-14,121.839996,122.949997,121.559998,122.839996,118.023186,861600
2017-02-15,122.349998,123.910004,122.050003,123.400002,118.561249,1045700
2017-02-16,123.269997,123.500000,122.260002,123.279999,118.445923,829600
2017-02-17,123.320000,124.089996,122.550003,123.949997,119.089668,1249100
2017-02-21,122.800003,124.300003,121.820000,124.029999,119.166527,2200000
2017-02-22,121.769997,124.269997,121.500000,123.099998,118.272987,1290700
2017-02-23,123.500000,123.620003,122.519997,122.760002,117.946342,1005200
2017-02-24,122.300003,125.500000,122.300003,125.500000,120.578888,1758000
2017-02-27,125.500000,125.980003,123.809998,123.839996,118.983971,1056800
2017-02-28,123.849998,124.820000,123.550003,123.970001,119.108879,1328000
2017-03-01,125.000000,126.169998,124.739998,125.870003,120.934395,1051300
2017-03-02,125.589996,125.830002,125.010002,125.089996,120.184952,763700
2017-03-03,124.930000,125.629997,124.680000,125.250000,120.338692,909300
2017-03-06,124.769997,125.480003,124.739998,125.059998,120.156128,729000
2017-03-07,125.169998,125.449997,124.440002,124.720001,119.829483,842900
2017-03-08,124.639999,125.660004,124.300003,124.500000,119.618095,1081800
2017-03-09,124.220001,124.550003,123.339996,123.690002,118.839867,1338900
2017-03-10,124.389999,124.910004,123.879997,124.250000,119.377907,1125300
2017-03-13,124.250000,124.779999,123.959999,124.769997,119.877510,925600
2017-03-14,124.059998,124.690002,123.480003,123.680000,118.830261,931100
2017-03-15,124.309998,125.669998,123.650002,125.370003,120.453987,929600
2017-03-16,125.370003,125.620003,124.489998,125.190002,120.281036,928300
2017-03-17,125.339996,125.820000,125.019997,125.410004,120.849594,1732800
2017-03-20,125.110001,125.769997,124.820000,125.129997,120.579781,766300
2017-03-21,125.019997,125.540001,123.959999,124.199997,119.683586,913500
2017-03-22,124.290001,124.860001,123.910004,124.239998,119.722122,732400
2017-03-23,124.139999,124.970001,123.650002,124.180000,119.664314,996700
2017-03-24,124.169998,124.599998,123.510002,123.830002,119.327042,1007500
2017-03-27,122.580002,124.180000,122.580002,124.110001,119.596855,791400
2017-03-28,124.010002,125.110001,123.650002,124.870003,120.329239,1083000
2017-03-29,124.589996,125.099998,124.379997,124.779999,120.242493,670400
2017-03-30,125.089996,125.419998,124.760002,125.339996,120.782127,575700
2017-03-31,124.660004,125.980003,124.660004,125.339996,120.782127,1167300
2017-04-03,126.000000,127.059998,124.980003,125.879997,121.302490,1514500
2017-04-04,125.849998,126.040001,124.419998,125.059998,120.512306,1140000
2017-04-05,125.400002,125.830002,124.480003,124.830002,120.290672,1102400
2017-04-06,124.879997,125.779999,124.779999,125.209999,120.656868,795600
2017-04-07,124.849998,125.589996,124.699997,125.250000,120.695404,841100
2017-04-10,125.290001,126.349998,125.099998,125.870003,121.292862,750600
2017-04-11,125.599998,126.139999,125.099998,125.660004,121.090500,617600
2017-04-12,125.139999,125.820000,124.680000,124.959999,120.415955,854800
2017-04-13,124.750000,125.440002,124.459999,124.470001,119.943771,598000
2017-04-17,124.970001,125.419998,124.730003,125.419998,120.859222,472500
2017-04-18,124.570000,125.389999,124.570000,125.309998,120.753227,672800
2017-04-19,125.680000,126.199997,125.529999,125.709999,121.138680,885300
2017-04-20,125.930000,126.589996,125.639999,126.349998,121.755409,676000
2017-04-21,126.419998,126.750000,126.019997,126.199997,121.610870,656600
2017-04-24,127.260002,127.629997,126.790001,127.300003,122.670860,1243400
2017-04-25,127.779999,128.550003,127.599998,128.250000,123.586296,773900
2017-04-26,128.240005,129.000000,127.980003,128.800003,124.116333,1106400
2017-04-27,128.940002,129.440002,128.740005,129.369995,124.665581,933100
2017-04-28,129.210007,129.490005,128.929993,129.089996,124.395767,1384800
2017-05-01,128.690002,129.850006,128.419998,129.250000,124.549965,1363600
2017-05-02,125.919998,128.020004,125.050003,125.260002,120.705070,2895600
2017-05-03,125.500000,126.010002,125.300003,125.570000,121.003777,1213500
2017-05-04,125.570000,126.260002,125.070000,126.220001,121.630135,999200
2017-05-05,126.180000,126.760002,126.050003,126.470001,121.871056,803300
2017-05-08,126.550003,127.330002,125.779999,125.949997,121.369949,802500
2017-05-09,125.949997,126.349998,125.050003,125.610001,121.042328,831900
2017-05-10,125.500000,126.900002,125.500000,126.660004,122.054138,968200
2017-05-11,126.669998,126.959999,125.970001,126.730003,122.121605,849500
2017-05-12,126.629997,127.389999,126.449997,126.510002,121.909592,932400
2017-05-15,126.510002,128.419998,126.510002,127.269997,122.641945,847500
2017-05-16,127.150002,128.080002,127.150002,127.379997,122.747963,843100
2017-05-17,127.379997,127.379997,126.230003,126.389999,121.793953,926900
2017-05-18,126.540001,127.250000,126.260002,126.739998,122.131218,1079500
2017-05-19,126.989998,127.320000,126.660004,127.089996,122.468506,2893200
2017-05-22,127.610001,128.300003,127.320000,127.820000,123.171951,1122300
2017-05-23,127.680000,128.279999,127.680000,128.050003,123.393585,730000
2017-05-24,128.300003,129.779999,128.070007,129.309998,124.607773,872300
2017-05-25,129.800003,130.520004,129.509995,130.309998,125.571396,803200
2017-05-26,130.759995,131.490005,130.750000,131.300003,126.525414,870100
2017-05-30,131.160004,131.649994,130.639999,131.559998,126.775940,1037300
2017-05-31,131.850006,133.009995,131.259995,132.839996,128.009384,946000
2017-06-01,132.990005,133.960007,132.839996,133.779999,128.915222,982400
2017-06-02,133.860001,134.399994,133.259995,134.330002,129.445236,818800
2017-06-05,134.360001,134.369995,133.630005,133.660004,128.799591,836500
2017-06-06,133.350006,133.929993,132.419998,133.350006,128.500870,745700
2017-06-07,133.570007,133.960007,133.250000,133.520004,128.664703,727400
2017-06-08,133.520004,133.600006,132.449997,132.729996,127.903389,882800
2017-06-09,133.309998,133.839996,132.839996,133.809998,128.944138,1091000
2017-06-12,133.809998,133.970001,132.800003,133.179993,128.337067,775600
2017-06-13,133.220001,134.600006,132.759995,134.490005,129.599411,774800
2017-06-14,134.789993,134.889999,133.639999,133.880005,129.011597,650600
2017-06-15,133.729996,134.380005,132.860001,133.850006,128.982712,980800
2017-06-16,133.690002,134.279999,133.500000,134.279999,129.755707,1609100
2017-06-19,134.429993,134.740005,133.899994,134.610001,130.074585,670400
2017-06-20,134.160004,134.449997,133.880005,134.110001,129.591461,605700
2017-06-21,134.029999,134.539993,132.039993,132.139999,127.687820,1084300
2017-06-22,132.139999,132.800003,131.630005,131.679993,127.243294,780300
2017-06-23,131.699997,132.360001,131.309998,131.660004,127.223999,1038800
2017-06-26,131.740005,132.500000,131.520004,132.020004,127.571877,948700
2017-06-27,132.000000,132.460007,131.699997,131.779999,127.339958,869000
2017-06-28,132.619995,133.300003,132.369995,132.899994,128.422211,620400
2017-06-29,132.889999,132.990005,130.880005,131.449997,127.021057,826300
2017-06-30,132.000000,133.229996,131.809998,132.750000,128.277298,995800
2017-07-03,133.190002,133.470001,132.490005,132.940002,128.460861,715600
2017-07-05,133.279999,133.990005,133.119995,133.270004,128.779739,970500
2017-07-06,133.070007,133.470001,132.139999,132.179993,127.726479,768500
2017-07-07,132.179993,132.789993,131.619995,132.619995,128.151672,886700
2017-07-10,132.630005,132.839996,131.679993,132.050003,127.600853,767800
2017-07-11,132.169998,132.649994,131.449997,131.889999,127.446259,607100
2017-07-12,132.660004,133.410004,132.559998,133.039993,128.557480,819500
2017-07-13,133.050003,133.110001,131.850006,132.059998,127.610512,576800
2017-07-14,132.279999,132.940002,131.929993,132.720001,128.248276,542000
2017-07-17,132.800003,132.990005,131.789993,132.169998,127.716805,1017700
2017-07-18,132.009995,132.710007,131.949997,132.449997,127.987350,630300
2017-07-19,132.679993,133.059998,132.339996,133.050003,128.567154,812200
2017-07-20,132.850006,133.149994,132.110001,132.449997,127.987350,812700
2017-07-21,132.289993,133.419998,132.259995,133.050003,128.567154,611500
2017-07-24,132.759995,133.179993,131.639999,132.039993,127.591194,710700
2017-07-25,132.759995,133.259995,132.539993,132.899994,128.422211,584200
2017-07-26,132.830002,132.830002,132.149994,132.449997,127.987350,595400
2017-07-27,132.479996,132.820007,131.110001,131.820007,127.378609,829600
2017-07-28,131.940002,132.559998,131.389999,131.919998,127.475235,847800
2017-07-31,132.500000,133.059998,131.500000,131.669998,127.233658,1392900
2017-08-01,131.080002,131.619995,127.180000,131.429993,127.001724,1603400
2017-08-02,131.389999,133.059998,131.190002,132.899994,128.422211,1046600
2017-08-03,132.899994,133.000000,132.240005,132.619995,128.151672,899100
2017-08-04,132.690002,133.250000,132.350006,132.899994,128.422211,628200
2017-08-07,133.000000,133.190002,131.919998,131.949997,127.504189,892800
2017-08-08,131.949997,132.070007,130.830002,131.240005,126.818176,636800
2017-08-09,131.360001,132.380005,131.350006,132.360001,127.900452,690600
2017-08-10,132.059998,132.330002,130.190002,130.229996,125.842186,770300
2017-08-11,130.720001,130.880005,129.740005,129.809998,125.436317,618700
2017-08-14,130.429993,131.460007,130.000000,131.460007,127.030746,674800
2017-08-15,131.160004,131.880005,130.970001,131.149994,126.731155,824000
2017-08-16,131.429993,132.729996,131.429993,132.410004,127.948723,678900
2017-08-17,131.509995,132.160004,130.220001,130.229996,125.842186,727400
2017-08-18,130.350006,130.649994,129.729996,130.110001,125.726227,720800
2017-08-21,130.160004,130.740005,129.630005,130.399994,126.006416,559800
2017-08-22,130.630005,131.639999,130.410004,131.479996,127.050072,506200
2017-08-23,131.199997,131.369995,130.639999,130.779999,126.373642,471000
2017-08-24,130.779999,131.270004,130.009995,130.330002,125.938805,701900
2017-08-25,131.089996,131.520004,130.759995,131.039993,126.624863,470400
2017-08-28,131.009995,131.520004,130.509995,131.460007,127.030746,745000
2017-08-29,130.970001,131.020004,130.470001,130.869995,126.460602,573500
2017-08-30,130.869995,131.039993,130.460007,130.979996,126.566902,605400
2017-08-31,131.580002,133.460007,131.350006,133.300003,128.808746,1254900
2017-09-01,133.570007,133.679993,131.979996,132.850006,128.373917,726100
2017-09-05,132.919998,133.389999,132.199997,133.229996,128.741104,856900
2017-09-06,132.860001,134.279999,129.970001,130.889999,126.479965,1968200
2017-09-07,131.100006,131.619995,130.520004,131.529999,127.098373,999000
2017-09-08,131.139999,131.369995,130.479996,131.119995,126.702202,716100
2017-09-11,131.490005,131.490005,129.580002,129.830002,125.455650,1716400
2017-09-12,129.820007,130.380005,129.199997,129.979996,125.600609,1154700
2017-09-13,129.729996,129.910004,129.240005,129.419998,125.059464,747200
2017-09-14,129.320007,131.029999,129.210007,131.009995,126.595894,1101700
2017-09-15,131.029999,131.490005,130.539993,131.050003,126.634552,1208200
2017-09-18,131.050003,131.440002,130.470001,130.529999,126.489189,886600
2017-09-19,130.960007,131.119995,130.380005,130.740005,126.692711,652600
2017-09-20,130.949997,131.380005,130.240005,130.800003,126.750832,833600
2017-09-21,130.860001,131.179993,130.580002,130.940002,126.886482,1095900
2017-09-22,131.000000,131.440002,130.740005,131.330002,127.264442,761900
2017-09-25,131.339996,131.660004,130.470001,131.490005,127.419502,861800
2017-09-26,131.800003,131.990005,130.169998,130.229996,126.198486,563000
2017-09-27,130.279999,130.279999,127.629997,128.970001,124.977478,1054200
2017-09-28,128.949997,129.580002,128.750000,129.270004,125.268219,586000
2017-09-29,129.270004,129.649994,128.529999,128.610001,124.628647,858200
2017-10-02,128.580002,130.750000,128.380005,130.649994,126.605476,1175000
2017-10-03,130.899994,131.429993,130.389999,130.559998,126.518257,849600
2017-10-04,130.720001,131.520004,130.399994,130.759995,126.712067,835600
2017-10-05,131.169998,131.809998,130.429993,131.740005,127.661751,772200
2017-10-06,131.369995,132.020004,131.270004,131.970001,127.884621,769100
2017-10-09,132.009995,132.199997,131.520004,132.059998,127.971825,619200
2017-10-10,132.059998,132.949997,132.059998,132.699997,128.592010,776500
2017-10-11,132.929993,133.080002,131.529999,132.550003,128.446655,677000
2017-10-12,132.429993,133.919998,132.429993,133.910004,129.764542,679900
2017-10-13,134.229996,134.869995,133.850006,134.089996,129.938995,888500
2017-10-16,134.320007,134.809998,134.119995,134.449997,130.287842,949700
2017-10-17,134.139999,134.500000,132.339996,132.580002,128.475739,1266700
2017-10-18,132.669998,133.300003,131.289993,131.699997,127.622963,1102300
2017-10-19,131.559998,131.960007,130.949997,131.740005,127.661751,626200
2017-10-20,132.210007,132.800003,131.850006,132.800003,128.688919,622500
2017-10-23,132.600006,133.289993,132.399994,132.600006,128.495132,686800
2017-10-24,133.080002,133.300003,132.199997,132.300003,128.204407,710200
2017-10-25,132.380005,132.839996,131.630005,132.490005,128.388519,1079000
2017-10-26,133.300003,133.880005,132.419998,132.669998,128.562927,806200
2017-10-27,132.520004,132.889999,131.320007,131.990005,127.904007,923400
2017-10-30,131.649994,131.850006,130.820007,130.919998,126.867119,1103100
2017-10-31,131.759995,133.740005,129.149994,130.660004,126.615143,2009300
2017-11-01,130.089996,131.720001,129.160004,131.270004,127.206291,1269200
2017-11-02,131.350006,131.619995,130.429993,131.240005,127.177231,1144000
2017-11-03,131.229996,132.410004,130.839996,131.380005,127.312904,1869800
2017-11-06,131.199997,132.889999,131.160004,131.910004,127.826485,710600
2017-11-07,131.580002,132.100006,130.570007,130.949997,126.896187,958500
2017-11-08,130.949997,131.350006,130.110001,130.389999,126.353516,1012100
2017-11-09,130.429993,130.669998,129.509995,130.250000,126.217865,825400
2017-11-10,129.820007,130.630005,129.250000,130.300003,126.266335,1298400
2017-11-13,130.220001,131.800003,129.800003,131.639999,127.564804,1072600
2017-11-14,131.179993,131.970001,130.240005,131.399994,127.332268,1359800
2017-11-15,131.199997,131.350006,130.119995,130.229996,126.198486,1104500
2017-11-16,130.520004,132.529999,130.360001,131.990005,127.904007,1423100
2017-11-17,131.580002,131.949997,130.839996,131.449997,127.380699,1425200
2017-11-20,131.279999,132.699997,131.070007,132.130005,128.039658,1222400
2017-11-21,132.619995,133.250000,132.149994,132.449997,128.349731,1247300
2017-11-22,132.860001,133.610001,132.229996,132.990005,128.873047,1331200
2017-11-24,133.289993,133.550003,132.660004,132.860001,128.747055,281900
2017-11-27,132.970001,133.589996,132.589996,132.809998,128.698624,880200
2017-11-28,133.470001,134.250000,133.470001,134.250000,130.094070,1827900
2017-11-29,134.270004,135.070007,133.639999,135.000000,130.820816,897600
2017-11-30,135.229996,136.779999,135.149994,135.919998,131.712341,1453200
2017-12-01,136.449997,136.619995,133.960007,134.889999,130.714233,1019100
2017-12-04,135.479996,137.789993,135.070007,137.259995,133.010864,1509100
2017-12-05,137.429993,137.960007,137.100006,137.419998,133.165909,1154400
2017-12-06,137.289993,137.559998,136.619995,136.880005,132.642609,1018100
2017-12-07,136.520004,137.029999,135.539993,135.919998,131.712341,938100
2017-12-08,136.580002,136.580002,135.080002,135.330002,131.140579,862500
2017-12-11,135.800003,136.000000,134.460007,134.669998,130.501022,1488800
2017-12-12,134.699997,134.899994,133.759995,134.850006,130.675446,1143600
2017-12-13,135.009995,135.740005,134.550003,135.000000,130.820816,801000
2017-12-14,135.000000,135.470001,134.350006,134.369995,130.210327,977900
2017-12-15,134.720001,135.490005,134.289993,135.190002,131.004929,1462900
2017-12-18,135.339996,136.300003,135.190002,135.839996,132.035248,1475700
2017-12-19,136.119995,136.259995,134.839996,135.089996,131.306244,868500
2017-12-20,135.410004,135.789993,134.020004,134.080002,130.324524,1326800
2017-12-21,134.600006,134.880005,133.410004,133.509995,129.770508,1570100
2017-12-22,133.750000,134.190002,133.220001,133.970001,130.217606,655600
2017-12-26,133.990005,134.250000,133.520004,133.699997,129.955185,324300
2017-12-27,133.990005,134.559998,133.559998,134.100006,130.343964,710300
2017-12-28,134.520004,134.619995,133.809998,134.529999,130.761932,862100
2017-12-29,135.029999,135.509995,134.179993,134.179993,130.421692,613900
2018-01-02,134.199997,134.800003,133.410004,134.500000,130.732773,940700
2018-01-03,134.729996,135.490005,134.000000,135.369995,131.578430,764500
2018-01-04,135.720001,136.820007,135.550003,136.470001,132.647583,723200
2018-01-05,135.899994,137.270004,135.199997,137.179993,133.337708,1048900
2018-01-08,136.639999,137.000000,136.039993,136.699997,132.871140,1099900
2018-01-09,136.619995,137.410004,136.369995,136.660004,132.832291,887400
2018-01-10,136.520004,136.520004,134.630005,135.119995,131.335434,881000
2018-01-11,135.279999,137.059998,135.110001,137.029999,133.191879,1563400
2018-01-12,137.449997,138.119995,137.029999,137.679993,133.823685,1267000
2018-01-16,138.410004,138.679993,136.610001,137.020004,133.182205,1133700
2018-01-17,137.759995,137.830002,136.250000,137.429993,133.580704,1131700
2018-01-18,137.279999,139.070007,137.149994,138.350006,134.474945,911500
2018-01-19,139.220001,139.970001,138.369995,139.750000,135.835724,1068300
2018-01-22,139.789993,140.429993,139.320007,140.339996,136.409210,1543100
2018-01-23,140.500000,140.500000,136.410004,137.759995,133.901474,2388000
2018-01-24,137.759995,138.240005,136.600006,137.309998,133.464081,2012500
2018-01-25,137.979996,138.779999,137.259995,138.320007,134.445786,1319800
2018-01-26,138.679993,138.970001,137.669998,138.149994,134.280548,1189200
2018-01-29,137.539993,138.309998,136.970001,137.500000,133.648743,1109800
2018-01-30,137.080002,138.250000,137.080002,137.580002,133.726532,1019000
2018-01-31,137.889999,138.580002,137.179993,137.679993,133.823685,1738700
2018-02-01,137.300003,138.729996,137.000000,138.490005,134.611008,1556300
2018-02-02,137.729996,139.300003,136.910004,137.059998,133.221069,1641100
2018-02-05,136.619995,138.100006,132.050003,132.050003,128.351379,1862600
2018-02-06,130.399994,132.770004,128.639999,131.740005,128.050095,2828200
2018-02-07,130.940002,135.429993,130.940002,133.119995,129.391434,2052300
2018-02-08,133.229996,133.639999,127.660004,127.760002,124.181557,2457200
2018-02-09,128.880005,129.800003,125.739998,128.520004,124.920265,2224200
2018-02-12,129.240005,131.029999,129.009995,130.160004,126.514343,1551400
2018-02-13,129.089996,129.970001,127.190002,129.339996,125.717278,1385600
2018-02-14,128.479996,130.410004,128.100006,129.800003,126.164429,1339800
2018-02-15,130.679993,131.770004,130.330002,131.770004,128.079269,1447200
2018-02-16,131.220001,132.910004,130.949997,131.490005,127.807098,1301800
2018-02-20,131.490005,133.440002,130.139999,131.720001,128.030640,1390400
2018-02-21,132.080002,132.529999,129.830002,129.899994,126.261604,1597200
2018-02-22,130.520004,131.369995,129.139999,129.449997,125.824226,1332600
2018-02-23,130.190002,130.960007,129.320007,130.839996,127.175278,1529500
2018-02-26,131.229996,132.210007,130.850006,131.990005,128.293091,1100600
2018-02-27,132.000000,132.419998,131.059998,131.089996,127.418266,908900
2018-02-28,131.449997,132.050003,130.440002,130.449997,126.796211,1314400
2018-03-01,129.899994,131.059998,128.080002,128.710007,125.104935,1309300
2018-03-02,128.220001,129.059998,127.230003,127.860001,124.278755,1204600
2018-03-05,127.300003,130.399994,127.300003,129.949997,126.310211,1186600
2018-03-06,130.289993,131.639999,129.360001,131.009995,127.340523,933900
2018-03-07,130.149994,133.190002,129.899994,132.800003,129.080368,2000000
2018-03-08,133.190002,134.410004,132.800003,134.339996,130.577255,1887900
2018-03-09,133.940002,134.949997,133.750000,134.910004,131.131302,2136600
2018-03-12,135.000000,137.220001,134.729996,136.779999,132.948898,1450200
2018-03-13,137.070007,137.509995,136.000000,136.830002,132.997543,1403600
2018-03-14,137.369995,137.729996,136.050003,136.309998,132.492050,1536700
2018-03-15,136.389999,136.919998,135.919998,136.699997,132.871140,1259900
2018-03-16,136.839996,138.440002,136.699997,138.080002,134.212509,1852400
2018-03-19,137.389999,138.089996,136.050003,136.479996,133.052399,1333700
2018-03-20,136.479996,137.009995,135.380005,136.630005,133.198608,1160700
2018-03-21,136.619995,137.820007,136.130005,136.419998,132.993896,931200
2018-03-22,135.500000,136.300003,133.929993,134.119995,130.751648,1093600
2018-03-23,134.550003,135.139999,132.250000,132.250000,128.928635,1289900
2018-03-26,133.610001,134.850006,132.619995,134.740005,131.356094,1790400
2018-03-27,134.919998,137.020004,134.190002,134.979996,131.590042,1397100
2018-03-28,135.539993,136.710007,134.960007,135.309998,131.911758,1224400
2018-03-29,135.929993,137.929993,134.940002,137.070007,133.627563,1319200
2018-04-02,136.710007,137.000000,132.789993,133.970001,130.605423,1112000
2018-04-03,134.660004,137.419998,133.979996,136.899994,133.461823,1611000
2018-04-04,135.279999,139.020004,134.889999,138.869995,135.382355,1525400
2018-04-05,139.580002,141.869995,139.119995,141.250000,137.702591,1666100
2018-04-06,140.520004,141.990005,139.000000,139.779999,136.269501,1791800
2018-04-09,140.630005,141.910004,139.919998,140.250000,136.727707,1470500
2018-04-10,141.449997,142.639999,140.580002,141.639999,138.082779,1319100
2018-04-11,140.669998,141.139999,139.850006,140.649994,137.117661,1047100
2018-04-12,141.270004,142.070007,140.699997,141.380005,137.829330,921700
2018-04-13,142.100006,142.130005,140.820007,141.179993,137.634338,847900
2018-04-16,142.309998,147.050003,141.289993,146.960007,143.269226,3491100
2018-04-17,147.779999,148.509995,145.899994,148.070007,144.351288,1550900
2018-04-18,148.410004,150.460007,147.860001,149.839996,146.076843,1416100
2018-04-19,149.979996,149.979996,148.490005,148.979996,145.238464,1129000
2018-04-20,148.779999,149.169998,147.610001,148.550003,144.819244,1160600
2018-04-23,148.220001,149.619995,148.220001,149.149994,145.404190,1334300
2018-04-24,149.399994,149.639999,144.889999,146.250000,142.577026,1538400
2018-04-25,146.029999,146.029999,143.740005,145.169998,141.524124,1845800
2018-04-26,145.779999,146.820007,144.820007,146.179993,142.508759,1021400
2018-04-27,145.929993,147.089996,144.649994,146.710007,143.025467,1196800
2018-04-30,147.380005,147.990005,144.419998,144.770004,141.134171,2107700
2018-05-01,136.000000,147.479996,136.000000,147.130005,143.434921,1998400
2018-05-02,145.580002,146.850006,143.729996,144.240005,140.617508,1641500
2018-05-03,143.410004,145.110001,142.919998,144.179993,140.559006,1432100
2018-05-04,143.740005,146.449997,143.199997,145.389999,141.738617,949900
2018-05-07,145.929993,146.619995,145.369995,145.789993,142.128571,999600
2018-05-08,145.669998,146.460007,145.059998,145.490005,141.836105,1126000
2018-05-09,145.929993,147.309998,145.229996,146.979996,143.288681,1397200
2018-05-10,147.470001,148.000000,146.899994,147.660004,143.951584,779600
2018-05-11,147.660004,147.860001,146.850006,147.149994,143.454376,730900
2018-05-14,147.440002,147.750000,145.919998,146.289993,142.616028,1364500
2018-05-15,146.050003,146.300003,145.539993,146.210007,142.538010,1208900
2018-05-16,146.699997,148.410004,146.320007,147.710007,144.000366,1101300
2018-05-17,147.429993,148.229996,146.839996,147.070007,143.376434,940600
2018-05-18,146.889999,148.179993,146.889999,147.830002,144.117371,1020700
2018-05-21,148.279999,148.639999,147.570007,148.000000,144.283081,711300
2018-05-22,148.300003,148.440002,146.380005,146.509995,142.830475,911400
2018-05-23,145.490005,146.240005,144.990005,145.630005,141.972580,1016200
2018-05-24,145.520004,146.250000,145.270004,145.470001,141.816620,913000
2018-05-25,145.029999,145.630005,144.210007,144.710007,141.075699,932200
2018-05-29,143.679993,144.169998,141.589996,141.750000,138.190033,1613400
2018-05-30,142.479996,144.639999,142.440002,144.029999,140.412766,1057300
2018-05-31,144.000000,144.320007,142.270004,142.610001,139.028458,1042700
2018-06-01,143.559998,144.009995,143.289993,143.600006,139.993576,766700
2018-06-04,144.279999,144.649994,143.960007,144.259995,140.636963,573900
2018-06-05,144.009995,144.850006,144.009995,144.610001,140.978195,1115200
2018-06-06,144.979996,146.679993,143.960007,146.580002,142.898758,1509700
2018-06-07,146.529999,146.979996,145.190002,145.869995,142.206543,834000
2018-06-08,145.869995,146.740005,145.419998,146.190002,142.518509,743600
2018-06-11,145.850006,146.460007,145.250000,145.300003,141.650894,1015900
2018-06-12,145.869995,146.410004,144.779999,145.050003,141.407150,868000
2018-06-13,145.000000,145.899994,144.270004,144.710007,141.075699,657200
2018-06-14,145.309998,145.679993,144.419998,145.399994,141.748352,785500
2018-06-15,145.559998,146.600006,144.020004,146.570007,142.888977,2301700
2018-06-18,145.229996,145.820007,144.270004,144.929993,141.686508,746400
2018-06-19,143.770004,145.169998,143.139999,144.589996,141.354080,1416900
2018-06-20,144.600006,145.149994,143.470001,143.649994,140.435150,716900
2018-06-21,143.309998,143.830002,141.000000,141.559998,138.391907,1134100
2018-06-22,139.649994,140.720001,137.600006,138.869995,135.762100,2700900
2018-06-25,139.000000,139.839996,137.619995,138.419998,135.322205,1128500
2018-06-26,139.089996,140.050003,138.330002,138.419998,135.322205,1178100
2018-06-27,139.119995,140.350006,138.320007,138.330002,135.234207,1825300
2018-06-28,138.539993,140.360001,138.539993,140.080002,136.945068,1057200
2018-06-29,140.429993,141.669998,140.279999,140.330002,137.189484,1405200
2018-07-02,139.750000,140.330002,138.649994,140.240005,137.101456,950300
2018-07-03,141.020004,141.729996,139.759995,139.970001,136.837509,441700
2018-07-05,140.449997,141.210007,140.259995,140.740005,137.590286,778400
2018-07-06,140.919998,142.220001,140.419998,141.759995,138.587448,664900
2018-07-09,142.020004,142.529999,141.690002,142.050003,138.870941,621500
2018-07-10,142.270004,143.009995,142.050003,142.910004,139.711716,519000
2018-07-11,142.259995,143.399994,141.600006,141.940002,138.763428,523200
2018-07-12,142.669998,142.869995,142.130005,142.660004,139.467316,543400
2018-07-13,142.850006,143.399994,142.610001,143.160004,139.956131,670900
2018-07-16,143.259995,143.410004,142.309998,142.619995,139.428207,690000
2018-07-17,142.410004,144.080002,142.210007,143.720001,140.503571,663700
2018-07-18,144.000000,144.559998,143.520004,144.000000,140.777313,770200
2018-07-19,143.149994,143.610001,141.830002,141.899994,138.724289,1149000
2018-07-20,141.289993,141.619995,140.580002,140.910004,137.756470,1027800
2018-07-23,140.940002,141.080002,139.699997,140.339996,137.199234,877800
2018-07-24,141.119995,141.610001,140.240005,140.610001,137.463196,899900
2018-07-25,140.660004,141.699997,139.800003,141.600006,138.431030,1238600
2018-07-26,142.130005,143.119995,141.990005,142.699997,139.506393,919100
2018-07-27,142.720001,143.050003,140.330002,140.949997,137.795563,1006400
2018-07-30,140.869995,142.539993,140.529999,140.740005,137.590286,1390000
2018-07-31,140.580002,142.850006,139.509995,140.699997,137.551193,2095900
2018-08-01,141.399994,145.279999,141.250000,144.699997,141.461655,2380800
2018-08-02,144.309998,147.160004,143.770004,146.339996,143.064957,2127000
2018-08-03,146.800003,147.199997,146.309998,147.119995,143.827484,1077300
2018-08-06,146.550003,148.789993,146.500000,148.169998,144.853989,1155700
2018-08-07,148.160004,149.309998,147.669998,148.960007,145.626328,1090200
2018-08-08,148.899994,149.210007,147.729996,148.419998,145.098404,963500
2018-08-09,148.860001,148.960007,147.679993,147.839996,144.531387,891500
2018-08-10,147.440002,147.660004,146.710007,146.860001,143.573303,838300
2018-08-13,146.899994,148.050003,145.690002,145.970001,142.703232,983500
2018-08-14,146.100006,147.570007,145.929993,147.039993,143.749283,777500
2018-08-15,146.610001,146.899994,145.000000,146.070007,142.801010,798900
2018-08-16,146.529999,147.259995,146.149994,146.690002,143.407120,649800
2018-08-17,146.860001,147.440002,146.399994,147.309998,144.013229,830200
2018-08-20,147.869995,148.570007,147.639999,148.289993,144.971298,607300
2018-08-21,148.679993,148.800003,147.649994,148.070007,144.756241,545700
2018-08-22,148.020004,148.059998,147.149994,147.190002,143.895920,476300
2018-08-23,147.000000,147.320007,146.449997,147.160004,143.866608,564500
2018-08-24,147.490005,149.320007,147.210007,148.929993,145.596970,757800
2018-08-27,149.100006,149.979996,149.100006,149.820007,146.467087,694900
2018-08-28,150.000000,150.949997,149.259995,149.500000,146.154236,696600
2018-08-29,149.759995,151.009995,149.270004,150.869995,147.493576,617400
2018-08-30,150.720001,151.020004,149.649994,150.119995,146.760345,674800
2018-08-31,149.839996,151.059998,149.570007,150.479996,147.112320,942100
2018-09-04,150.610001,151.339996,150.199997,150.639999,147.268723,1018600
2018-09-05,150.479996,152.520004,150.320007,152.470001,149.057755,1015300
2018-09-06,152.330002,153.619995,152.330002,153.199997,149.771439,870000
2018-09-07,152.710007,153.589996,151.869995,153.350006,149.918076,873900
2018-09-10,153.800003,154.250000,153.339996,153.839996,150.397095,839700
2018-09-11,153.639999,155.059998,153.190002,154.899994,151.433395,754800
2018-09-12,154.979996,156.300003,154.660004,155.720001,152.235046,763400
2018-09-13,156.000000,156.710007,155.199997,156.539993,153.036697,906200
2018-09-14,156.660004,157.229996,156.039993,157.119995,153.603699,726800
2018-09-17,156.809998,157.199997,155.910004,156.240005,153.143021,657700
2018-09-18,156.470001,157.110001,155.330002,156.649994,153.544907,684500
2018-09-19,156.899994,158.070007,156.610001,157.830002,154.701492,789700
2018-09-20,158.169998,159.399994,158.089996,159.199997,156.044357,983500
2018-09-21,159.919998,159.919998,158.770004,159.399994,156.240372,2139700
2018-09-24,159.000000,159.149994,157.259995,157.979996,154.848526,866200
2018-09-25,158.399994,158.619995,156.869995,157.320007,154.201630,754600
2018-09-26,157.229996,157.770004,155.580002,156.850006,153.740936,848400
2018-09-27,156.820007,157.940002,156.479996,156.830002,153.721313,539600
2018-09-28,156.500000,157.610001,155.679993,156.779999,153.672287,1153700
2018-10-01,157.570007,158.039993,156.490005,157.399994,154.280029,530700
2018-10-02,157.660004,157.729996,156.520004,157.220001,154.103592,732300
2018-10-03,157.649994,158.119995,155.910004,156.110001,153.015594,891600
2018-10-04,155.619995,156.339996,154.869995,156.110001,153.015594,885600
2018-10-05,156.270004,157.789993,156.000000,157.589996,154.466263,935400
2018-10-08,157.589996,158.100006,157.050003,157.369995,154.250610,1128200
2018-10-09,156.529999,157.929993,154.539993,154.960007,151.888412,966700
2018-10-10,155.039993,155.990005,150.690002,150.809998,147.820633,1657900
2018-10-11,150.279999,150.710007,145.850006,145.949997,143.056976,2256500
2018-10-12,147.750000,148.360001,144.279999,145.979996,143.086380,1491900
2018-10-15,145.809998,147.990005,145.690002,146.350006,143.449036,938600
2018-10-16,147.279999,148.529999,145.679993,148.470001,145.527039,1159800
2018-10-17,148.100006,149.259995,147.380005,148.520004,145.576035,1271500
2018-10-18,148.000000,149.690002,146.889999,147.500000,144.576248,951900
2018-10-19,148.080002,149.149994,147.899994,148.550003,145.605453,913400
2018-10-22,148.899994,149.229996,146.259995,147.000000,144.086182,931800
2018-10-23,146.220001,148.750000,145.000000,147.990005,145.056534,1559100
2018-10-24,148.899994,149.979996,147.410004,147.660004,144.733078,1584000
2018-10-25,148.559998,151.369995,148.339996,150.100006,147.124741,1836100
2018-10-26,148.740005,149.339996,146.419998,147.339996,144.419418,1936400
2018-10-29,149.279999,150.630005,144.539993,146.559998,143.654907,2317700
2018-10-30,137.699997,149.860001,137.699997,149.000000,146.046524,2967200
2018-10-31,151.009995,153.929993,149.919998,153.149994,150.114243,2396300
2018-11-01,153.270004,153.580002,151.610001,152.729996,149.702606,1564500
2018-11-02,154.050003,155.960007,152.229996,154.589996,151.525726,1269400
2018-11-05,154.949997,156.570007,154.619995,155.970001,152.878372,829800
2018-11-06,156.149994,157.179993,154.570007,156.869995,153.760529,1144900
2018-11-07,157.979996,160.550003,157.470001,160.380005,157.200958,1259200
2018-11-08,160.009995,160.610001,158.750000,159.479996,156.318771,1000300
2018-11-09,158.970001,159.759995,157.630005,159.330002,156.171768,736200
2018-11-12,159.500000,160.479996,157.539993,158.000000,154.868134,1060100
2018-11-13,157.970001,159.059998,156.539993,157.520004,154.397644,723900
2018-11-14,158.259995,159.100006,155.910004,156.919998,153.809540,816200
2018-11-15,156.289993,158.690002,155.570007,158.309998,155.171982,856500
2018-11-16,157.179993,159.669998,156.490005,159.360001,156.201172,986600
2018-11-19,159.309998,160.660004,157.550003,160.300003,157.122528,1225500
2018-11-20,159.029999,159.589996,155.020004,156.059998,152.966583,1791600
2018-11-21,154.979996,155.949997,154.000000,155.020004,151.947189,1143600
2018-11-23,154.029999,155.250000,153.139999,153.240005,150.202515,704500
2018-11-26,154.600006,155.759995,152.910004,154.750000,151.682541,1251800
2018-11-27,153.979996,155.229996,153.369995,153.949997,150.898407,1159300
2018-11-28,154.350006,156.369995,153.979996,156.250000,153.152832,1301200
2018-11-29,156.449997,159.320007,156.449997,158.389999,155.250397,1025700
2018-11-30,158.309998,160.919998,158.309998,160.490005,157.308777,2510600
2018-12-03,162.369995,162.910004,157.389999,159.520004,156.358002,1406400
2018-12-04,159.050003,160.500000,156.529999,156.740005,153.633102,1263800
2018-12-06,155.570007,157.639999,153.139999,157.550003,154.427048,1408100
2018-12-07,157.470001,157.940002,153.000000,154.070007,151.016022,877500
2018-12-10,153.679993,155.130005,151.850006,154.600006,151.535538,871100
2018-12-11,156.429993,157.179993,155.000000,155.270004,152.192261,1016200
2018-12-12,157.360001,157.830002,154.759995,154.899994,151.829575,1189600
2018-12-13,155.220001,156.570007,153.800003,155.039993,151.966797,1017200
2018-12-14,154.009995,154.910004,153.300003,154.470001,151.408096,1052700
2018-12-17,153.350006,153.800003,148.639999,149.639999,147.111954,1306200
2018-12-18,150.399994,151.240005,147.869995,148.990005,146.472931,1198900
2018-12-19,149.479996,151.500000,146.449997,147.419998,144.929428,1144700
2018-12-20,147.330002,147.960007,143.539993,145.710007,143.248337,1394700
2018-12-21,145.419998,149.000000,143.410004,143.960007,141.527908,2722400
2018-12-24,143.380005,143.380005,137.899994,137.899994,135.570251,850600
2018-12-26,138.210007,142.830002,135.770004,142.830002,140.416992,1492200
2018-12-27,141.259995,144.899994,140.050003,144.899994,142.451996,1039000
2018-12-28,145.410004,146.289993,143.779999,144.369995,141.930954,841800
2018-12-31,144.869995,147.580002,144.479996,147.350006,144.860626,1199400
2019-01-02,145.500000,146.309998,143.539993,144.919998,142.471680,1429900
2019-01-03,144.660004,145.350006,141.300003,141.539993,139.148773,1238600
2019-01-04,143.740005,147.770004,142.589996,146.669998,144.192123,1238600
2019-01-07,146.580002,148.919998,146.199997,147.100006,144.614838,871400
2019-01-08,148.089996,149.070007,147.160004,148.889999,146.374573,1092400
2019-01-09,149.529999,150.210007,147.899994,148.710007,146.197662,902700
2019-01-10,147.580002,149.740005,147.580002,149.630005,147.102097,957200
2019-01-11,148.720001,149.660004,148.369995,149.570007,147.043106,703900
2019-01-14,148.809998,150.419998,148.320007,148.759995,146.246780,1241400
2019-01-15,148.000000,150.089996,148.000000,150.029999,147.495331,588500
2019-01-16,150.479996,151.130005,149.630005,150.259995,147.721451,623200
2019-01-17,150.580002,152.800003,150.240005,152.520004,149.943253,1064300
2019-01-18,153.660004,155.190002,152.729996,154.500000,151.889832,1202000
2019-01-22,154.130005,154.580002,151.699997,152.919998,150.336502,956000
2019-01-23,153.339996,153.729996,151.240005,152.970001,150.385666,686300
2019-01-24,152.529999,153.139999,151.179993,151.919998,149.353424,793500
2019-01-25,152.910004,155.080002,152.910004,153.889999,151.290115,722000
2019-01-28,153.149994,154.990005,153.110001,154.979996,152.361710,708600
2019-01-29,155.070007,155.929993,154.639999,155.009995,152.391220,887600
2019-01-30,155.600006,157.289993,155.070007,156.880005,154.229614,729700
2019-01-31,156.259995,158.869995,155.589996,158.169998,155.497833,2186600
2019-02-01,158.490005,159.509995,157.990005,158.960007,156.274490,1221900
2019-02-04,158.949997,159.520004,157.110001,159.179993,156.490753,852000
2019-02-05,161.110001,162.380005,158.330002,158.660004,155.979538,2036400
2019-02-06,158.220001,159.600006,158.179993,159.169998,156.480896,1142600
2019-02-07,158.289993,159.070007,157.199997,158.610001,155.930405,698700
2019-02-08,158.070007,159.190002,157.190002,159.169998,156.480896,747200
2019-02-11,159.389999,160.490005,159.020004,160.100006,157.395203,827900
2019-02-12,160.979996,162.619995,160.110001,162.380005,159.636703,915200
2019-02-13,162.929993,163.779999,162.289993,162.649994,159.902115,965700
2019-02-14,161.630005,162.470001,160.830002,161.610001,158.879715,805600
2019-02-15,163.350006,164.190002,162.210007,163.479996,160.718094,1209400
2019-02-19,165.000000,168.320007,163.500000,167.309998,164.483414,2009800
2019-02-20,165.660004,166.660004,164.559998,165.289993,162.497528,1774900
2019-02-21,165.220001,167.220001,165.220001,167.089996,164.267136,1083800
2019-02-22,167.410004,167.410004,165.940002,167.009995,164.188461,858400
2019-02-25,167.710007,168.490005,166.729996,168.220001,165.378021,971300
2019-02-26,168.000000,169.429993,167.789993,168.220001,165.378021,823400
2019-02-27,167.889999,168.919998,167.210007,168.490005,165.643509,725900
2019-02-28,168.559998,169.279999,168.070007,168.910004,166.056366,1500000
2019-03-01,169.750000,170.660004,168.929993,170.160004,167.285263,1717400
2019-03-04,171.050003,171.710007,168.009995,169.580002,166.715042,1338400
2019-03-05,169.470001,171.110001,169.470001,170.520004,167.639175,787000
2019-03-06,170.869995,171.979996,170.000000,170.330002,167.452393,1070400
2019-03-07,170.000000,170.800003,168.850006,169.600006,166.734726,861800
2019-03-08,168.910004,169.729996,168.050003,169.570007,166.705246,782000
2019-03-11,170.279999,170.960007,169.089996,170.210007,167.334427,1509900
2019-03-12,170.649994,171.460007,169.860001,170.990005,168.101227,942400
2019-03-13,171.580002,173.619995,171.229996,173.119995,170.195236,971500
2019-03-14,172.820007,174.000000,172.820007,173.600006,170.667145,1059200
2019-03-15,173.250000,174.979996,173.250000,174.470001,171.522461,1545100
2019-03-18,182.179993,182.190002,173.699997,175.149994,172.646133,1272200
2019-03-19,175.039993,175.949997,174.589996,175.050003,172.547577,1079600
2019-03-20,175.149994,175.669998,173.750000,174.470001,171.975861,739400
2019-03-21,174.559998,175.979996,174.300003,175.820007,173.306580,864600
2019-03-22,174.669998,175.460007,172.869995,173.380005,170.901443,831000
2019-03-25,173.350006,174.580002,172.539993,174.089996,171.601288,811200
2019-03-26,174.940002,176.130005,173.779999,175.350006,172.843292,959300
2019-03-27,175.570007,176.690002,174.080002,175.240005,172.734863,828800
2019-03-28,175.880005,176.860001,175.419998,175.949997,173.434708,793200
2019-03-29,176.570007,176.759995,175.289993,176.539993,174.016281,1031400
2019-04-01,177.479996,178.750000,177.169998,178.669998,176.115829,1009900
2019-04-02,178.750000,178.750000,177.240005,178.139999,175.593399,634900
2019-04-03,178.750000,182.550003,178.279999,181.449997,178.856064,2009400
2019-04-04,181.130005,182.589996,180.210007,182.559998,179.950211,1377100
2019-04-05,182.559998,183.410004,180.880005,181.710007,179.112366,889900
2019-04-08,181.300003,181.779999,180.169998,181.240005,178.649094,685200
2019-04-09,180.630005,181.539993,179.740005,181.500000,178.905365,860600
2019-04-10,181.610001,182.600006,179.929993,182.580002,179.969940,688700
2019-04-11,182.350006,183.169998,181.830002,182.979996,180.364212,610900
2019-04-12,183.779999,185.309998,182.820007,185.089996,182.444031,769300
2019-04-15,184.899994,185.029999,183.059998,183.770004,181.142929,1125800
2019-04-16,184.279999,185.759995,183.830002,185.360001,182.710175,1170600
2019-04-17,185.919998,186.270004,182.850006,182.960007,180.344498,775300
2019-04-18,182.009995,183.529999,180.059998,183.199997,180.581085,1026900
2019-04-22,182.919998,183.839996,182.380005,182.869995,180.255783,578900
2019-04-23,183.000000,186.339996,182.179993,184.389999,181.754044,1023900
2019-04-24,184.389999,184.949997,183.729996,184.539993,181.901901,881800
2019-04-25,183.899994,184.160004,182.229996,183.389999,180.768341,625700
2019-04-26,184.059998,184.899994,182.869995,184.889999,182.246902,793600
2019-04-29,185.190002,185.410004,183.729996,184.410004,181.773758,958300
2019-04-30,180.770004,185.199997,179.130005,184.080002,181.448486,1942000
2019-05-01,183.470001,184.770004,182.259995,182.380005,179.772797,977500
2019-05-02,182.509995,184.320007,181.639999,184.320007,181.685059,930000
2019-05-03,185.000000,185.389999,183.880005,185.000000,182.355362,777600
2019-05-06,182.929993,184.190002,182.929993,183.639999,181.014771,1087700
2019-05-07,182.169998,182.929993,178.550003,179.610001,177.042389,1305400
2019-05-08,179.600006,181.880005,178.809998,181.309998,178.718063,1266800
2019-05-09,179.809998,181.250000,177.770004,180.750000,178.166092,819500
2019-05-10,180.350006,181.300003,178.320007,181.070007,178.481522,1184200
2019-05-13,178.809998,179.740005,177.479996,178.229996,175.682098,782300
2019-05-14,178.869995,180.419998,177.960007,179.250000,176.687531,1059200
2019-05-15,178.350006,181.009995,177.759995,179.860001,177.288818,605300
2019-05-16,181.210007,182.970001,180.940002,182.179993,179.575623,1070400
2019-05-17,180.729996,182.979996,180.690002,181.529999,178.934921,856400
2019-05-20,180.759995,181.979996,179.770004,180.970001,178.382935,689400
2019-05-21,182.429993,183.820007,181.750000,183.149994,180.531754,892800
2019-05-22,183.229996,185.229996,182.740005,183.740005,181.113358,900900
2019-05-23,182.929993,184.410004,181.600006,182.479996,179.871353,1139600
2019-05-24,183.660004,184.220001,181.979996,182.479996,179.871353,673200
2019-05-28,182.300003,184.050003,181.660004,182.000000,179.398224,1154400
2019-05-29,181.440002,183.179993,180.800003,182.589996,179.979767,793100
2019-05-30,182.220001,183.740005,182.220001,183.380005,180.758499,570600
2019-05-31,181.570007,184.529999,181.570007,184.089996,181.458344,819900
2019-06-03,184.149994,185.759995,183.410004,185.639999,182.986176,2045700
2019-06-04,187.410004,190.399994,185.690002,190.399994,187.678116,1723800
2019-06-05,190.259995,193.119995,188.720001,193.119995,190.359253,1628700
2019-06-06,194.050003,197.160004,192.690002,196.770004,193.957092,1625500
2019-06-07,197.139999,200.149994,197.000000,198.750000,195.908783,1242900
2019-06-10,200.190002,200.440002,198.199997,199.690002,196.835312,880100
2019-06-11,200.559998,200.929993,197.110001,197.639999,194.814651,1412300
2019-06-12,198.259995,199.679993,197.369995,199.119995,196.273453,747400
2019-06-13,199.660004,200.770004,198.020004,198.759995,195.918625,733500
2019-06-14,198.710007,199.309998,197.710007,198.869995,196.027054,749700
2019-06-17,197.929993,197.929993,189.460007,190.440002,188.152771,2251300
2019-06-18,190.130005,192.279999,187.910004,188.979996,186.710312,1986100
2019-06-19,188.979996,189.330002,186.440002,188.570007,186.305237,1653100
2019-06-20,190.309998,192.660004,189.619995,192.360001,190.049713,1494000
2019-06-21,192.259995,192.449997,189.320007,189.589996,187.312973,1888900
2019-06-24,190.259995,192.389999,189.600006,191.639999,189.338364,929100
2019-06-25,191.990005,192.509995,190.339996,191.630005,189.328491,909900
2019-06-26,192.070007,192.220001,188.119995,188.250000,185.989059,1192200
2019-06-27,189.529999,192.729996,189.139999,192.199997,189.891617,1467300
2019-06-28,192.740005,197.440002,192.190002,197.440002,195.068695,5929200
2019-07-01,197.960007,198.339996,193.080002,195.759995,193.408890,1371700
2019-07-02,195.960007,198.039993,195.309998,197.970001,195.592331,908000
2019-07-03,198.289993,199.809998,197.649994,199.779999,197.380600,586500
2019-07-05,197.779999,197.779999,194.199997,197.070007,194.703156,850200
2019-07-08,197.000000,198.910004,195.820007,197.550003,195.177414,871700
2019-07-09,196.740005,197.250000,195.130005,195.860001,193.507690,737000
2019-07-10,197.440002,199.220001,196.619995,198.130005,195.750427,1676700
2019-07-11,198.119995,199.600006,196.779999,199.559998,197.163239,1103400
2019-07-12,200.199997,200.389999,197.960007,199.800003,197.400345,813200
2019-07-15,199.990005,200.000000,198.240005,198.929993,196.540802,656500
2019-07-16,199.029999,199.619995,197.460007,197.929993,195.552811,847800
2019-07-17,198.000000,198.339996,195.800003,195.949997,193.596588,887400
2019-07-18,196.460007,197.720001,195.270004,197.690002,195.315720,688200
2019-07-19,198.240005,198.779999,197.130005,197.279999,194.910599,627600
2019-07-22,197.979996,198.059998,196.649994,197.240005,194.871124,494100
2019-07-23,198.210007,199.990005,197.869995,199.960007,197.558441,594800
2019-07-24,199.580002,199.580002,197.479996,197.949997,195.572586,765100
2019-07-25,198.270004,199.080002,195.889999,198.330002,195.948013,738300
2019-07-26,198.300003,199.820007,196.479996,199.619995,197.222519,623100
2019-07-29,199.669998,201.199997,199.660004,200.619995,198.210495,1606300
2019-07-30,199.369995,209.240005,198.429993,205.679993,203.209732,2193400
2019-07-31,206.009995,207.850006,199.100006,201.729996,199.307175,1590500
2019-08-01,202.410004,204.720001,199.449997,200.929993,198.516785,1150100
2019-08-02,200.660004,201.220001,198.270004,199.990005,197.588089,1178800
2019-08-05,197.669998,198.490005,192.179993,194.350006,192.015839,1325200
2019-08-06,195.809998,197.029999,192.529999,196.729996,194.367233,1364300
2019-08-07,196.020004,201.070007,195.000000,200.190002,197.785675,1196300
2019-08-08,202.020004,205.169998,201.229996,205.039993,202.577423,806500
2019-08-09,204.669998,206.919998,203.399994,205.970001,203.496262,704200
2019-08-12,205.720001,206.850006,204.339996,204.869995,202.409470,938200
2019-08-13,205.220001,208.300003,203.759995,207.460007,204.968353,833200
2019-08-14,205.000000,206.229996,201.220001,201.639999,199.218277,1091600
2019-08-15,202.940002,204.130005,201.820007,203.669998,201.223877,945900
2019-08-16,204.240005,207.630005,203.869995,206.809998,204.326172,1177100
2019-08-19,209.220001,209.869995,206.009995,208.570007,206.065018,963700
2019-08-20,208.300003,208.570007,206.259995,206.600006,204.118698,734100
2019-08-21,207.759995,208.259995,206.429993,207.100006,204.612671,677500
2019-08-22,208.110001,209.089996,204.860001,206.880005,204.395340,794400
2019-08-23,206.649994,207.839996,200.669998,201.820007,199.396103,1167100
2019-08-26,203.160004,203.770004,202.229996,202.899994,200.463135,1109500
2019-08-27,204.759995,206.929993,203.960007,204.720001,202.261292,1761000
2019-08-28,203.559998,205.199997,202.789993,204.779999,202.320557,1157800
2019-08-29,206.000000,207.960007,205.809998,207.000000,204.513870,1084500
2019-08-30,208.000000,208.389999,205.699997,206.309998,203.832184,1079800
2019-09-03,204.970001,205.820007,203.100006,204.490005,202.034058,1110300
2019-09-04,206.860001,207.229996,205.539993,206.830002,204.345932,856100
2019-09-05,208.169998,208.750000,205.240005,205.330002,202.863937,900900
2019-09-06,206.460007,207.699997,205.050003,206.690002,204.207611,988900
2019-09-09,208.000000,208.000000,198.940002,200.779999,198.368591,1381500
2019-09-10,199.919998,200.229996,195.860001,197.259995,194.890869,1978500
2019-09-11,197.300003,198.399994,195.369995,197.190002,194.821716,1335000
2019-09-12,199.419998,202.000000,196.940002,197.770004,195.394745,1036000
2019-09-13,198.429993,199.080002,196.669998,198.889999,196.501282,948800
2019-09-16,197.279999,197.949997,191.559998,192.110001,190.242722,1396700
2019-09-17,192.910004,196.529999,192.330002,194.820007,192.926392,1095900
2019-09-18,195.500000,196.369995,194.250000,196.059998,194.154327,820200
2019-09-19,195.160004,197.330002,195.160004,196.500000,194.590042,764100
2019-09-20,196.789993,197.720001,195.600006,196.059998,194.154327,1585700
2019-09-23,195.250000,196.649994,195.220001,195.830002,193.926559,541400
2019-09-24,197.309998,198.850006,194.660004,194.860001,192.966003,1075500
2019-09-25,195.619995,197.380005,194.419998,197.300003,195.382278,752600
2019-09-26,197.020004,199.360001,196.100006,198.429993,196.501282,746100
2019-09-27,199.779999,200.000000,196.419998,197.789993,195.867493,985000
2019-09-30,197.990005,199.100006,197.550003,198.039993,196.115067,786700
2019-10-01,198.970001,199.429993,195.389999,195.860001,193.956268,965600
2019-10-02,194.460007,195.699997,190.619995,191.830002,189.965439,946000
2019-10-03,191.649994,192.940002,189.009995,192.830002,190.955734,775100
2019-10-04,193.229996,196.380005,193.149994,194.619995,192.728333,783200
2019-10-07,193.539993,194.460007,191.059998,191.110001,189.252441,1328900
2019-10-08,190.869995,191.389999,189.289993,189.649994,187.806641,1103100
2019-10-09,191.490005,192.589996,190.580002,191.309998,189.450500,833400
2019-10-10,190.929993,193.389999,190.479996,193.190002,191.312225,695800
2019-10-11,195.080002,197.440002,194.500000,194.740005,192.847168,794100
2019-10-14,194.389999,195.710007,193.940002,194.009995,192.124252,691200
2019-10-15,195.369995,195.740005,194.380005,194.649994,192.758041,644700
2019-10-16,194.559998,195.910004,193.289993,195.229996,193.332397,784900
2019-10-17,196.110001,196.440002,193.070007,194.039993,192.153961,739600
2019-10-18,194.199997,194.860001,192.309998,193.820007,191.936111,673300
2019-10-21,194.059998,194.500000,190.789993,191.610001,189.747574,1111700
2019-10-22,191.610001,191.850006,188.339996,188.399994,186.568771,1151800
2019-10-23,189.240005,190.509995,187.539993,188.350006,186.519272,1588400
2019-10-24,188.919998,192.259995,188.520004,190.830002,188.975143,1416400
2019-10-25,190.750000,192.039993,189.809998,191.940002,190.074387,573200
2019-10-28,192.800003,193.350006,190.589996,191.589996,189.727768,923800
2019-10-29,186.479996,194.949997,185.059998,194.520004,192.629303,2174300
2019-10-30,194.649994,195.229996,192.339996,193.710007,191.827179,1341600
2019-10-31,193.919998,195.160004,190.960007,192.070007,190.203125,796900
2019-11-01,193.399994,193.729996,190.410004,190.979996,189.123718,927200
2019-11-04,191.960007,192.699997,189.479996,189.839996,187.994766,885100
2019-11-05,189.000000,193.210007,188.949997,192.970001,191.094376,1325200
2019-11-06,193.490005,193.889999,192.250000,192.960007,191.084473,739400
2019-11-07,193.050003,193.250000,189.630005,190.800003,188.945450,775800
2019-11-08,191.240005,192.630005,189.729996,190.389999,188.539444,587800
2019-11-11,189.240005,190.699997,188.479996,188.839996,187.004486,502700
2019-11-12,189.330002,190.550003,187.589996,188.320007,186.489563,685000
2019-11-13,187.820007,190.789993,187.029999,190.399994,188.549332,737800
2019-11-14,190.330002,191.990005,190.050003,191.759995,189.896118,584900
2019-11-15,192.949997,193.229996,190.990005,191.740005,189.876343,750500
2019-11-18,191.889999,192.309998,190.360001,191.259995,189.400970,757300
2019-11-19,191.500000,192.059998,189.289993,189.429993,187.588760,1850900
2019-11-20,190.020004,190.490005,186.160004,186.220001,184.409973,2228700
2019-11-21,185.000000,186.139999,182.850006,183.020004,181.241089,2366800
2019-11-22,183.240005,184.029999,182.100006,182.509995,180.736023,1627200
2019-11-25,182.809998,183.389999,181.429993,182.059998,180.290405,1418600
2019-11-26,182.449997,186.660004,181.820007,186.229996,184.419861,2211500
2019-11-27,186.539993,187.850006,185.369995,186.949997,185.132858,745400
2019-11-29,186.160004,187.550003,185.750000,186.669998,184.855606,458200
2019-12-02,187.309998,187.309998,185.070007,185.160004,183.360275,996800
2019-12-03,184.110001,185.729996,183.050003,185.339996,183.538528,1110600
2019-12-04,185.970001,187.350006,183.789993,183.880005,182.092728,1128800
2019-12-05,184.789993,186.050003,184.130005,185.050003,183.251358,1432500
2019-12-06,187.130005,187.910004,186.050003,186.410004,184.598129,690600
2019-12-09,186.000000,186.589996,184.770004,185.199997,183.399872,645400
2019-12-10,185.820007,186.940002,185.020004,185.149994,183.350372,790000
2019-12-11,185.880005,186.410004,184.149994,185.110001,183.310776,1087200
2019-12-12,185.529999,186.520004,184.750000,185.179993,183.380066,895300
2019-12-13,184.669998,186.580002,184.580002,185.500000,183.696976,653300
2019-12-16,186.110001,187.389999,185.679993,185.979996,184.640121,1274800
2019-12-17,185.869995,187.360001,185.169998,186.899994,185.553482,909900
2019-12-18,187.520004,187.809998,185.429993,185.690002,184.352219,1717800
2019-12-19,189.589996,192.970001,188.300003,191.779999,190.398346,1790300
2019-12-20,192.850006,193.380005,189.029999,191.220001,189.842377,2500800
2019-12-23,191.839996,193.169998,190.679993,192.199997,190.815308,948700
2019-12-24,191.979996,192.649994,191.119995,191.449997,190.070694,249500
2019-12-26,191.250000,191.779999,190.729996,191.639999,190.259354,454300
2019-12-27,192.460007,192.949997,191.309998,191.679993,190.299057,646100
2019-12-30,191.750000,192.220001,190.449997,191.619995,190.239487,523000
2019-12-31,191.779999,193.119995,191.000000,192.990005,191.599609,775100
2020-01-02,193.660004,193.889999,189.850006,190.229996,188.859497,1590500
2020-01-03,188.600006,191.539993,187.360001,189.320007,187.956070,1251100
2020-01-06,188.330002,189.289993,187.679993,187.710007,186.357651,1294800
2020-01-07,187.110001,189.899994,186.330002,187.470001,186.119400,1556700
2020-01-08,187.500000,188.830002,186.190002,187.539993,186.188873,1185900
2020-01-09,187.910004,190.289993,187.910004,190.039993,188.670883,1115600
2020-01-10,190.449997,190.529999,188.720001,188.929993,187.568878,828600
2020-01-13,189.270004,191.470001,189.270004,191.410004,190.031006,645400
2020-01-14,190.949997,191.809998,189.460007,189.960007,188.591461,1212600
2020-01-15,189.860001,192.399994,189.820007,191.449997,190.070694,657000
2020-01-16,192.320007,193.490005,191.869995,193.000000,191.609558,1393700
2020-01-17,193.479996,195.600006,192.250000,195.580002,194.170959,1157300
2020-01-21,195.399994,197.009995,194.710007,195.539993,194.131241,1273100
2020-01-22,196.470001,197.490005,195.669998,196.399994,194.985062,1408200
2020-01-23,197.059998,198.460007,195.740005,198.300003,196.871368,1253300
2020-01-24,198.550003,199.289993,197.000000,198.009995,196.583435,891100
2020-01-27,196.190002,197.410004,195.460007,196.750000,195.332535,1156700
2020-01-28,196.889999,198.869995,196.160004,198.179993,196.752228,894900
2020-01-29,199.000000,199.669998,197.710007,197.809998,196.384888,587700
2020-01-30,197.600006,199.679993,196.270004,199.479996,198.042862,654100
2020-01-31,198.270004,199.250000,195.570007,196.110001,194.697128,1095000
2020-02-03,197.059998,201.820007,196.199997,201.529999,200.078094,1612700
2020-02-04,202.320007,204.580002,201.740005,203.449997,201.984253,1388800
2020-02-05,204.820007,206.500000,202.490005,206.300003,204.813736,1443900
2020-02-06,206.500000,207.169998,205.300003,207.110001,205.617889,1235600
2020-02-07,206.979996,207.500000,205.110001,205.639999,204.158478,832200
2020-02-10,204.990005,205.720001,204.330002,204.940002,203.463547,877500
2020-02-11,204.800003,205.880005,204.520004,204.619995,203.145828,901100
2020-02-12,205.639999,207.500000,204.809998,206.820007,205.329987,1100000
2020-02-13,206.360001,208.649994,205.309998,207.059998,205.568253,1088300
2020-02-14,207.520004,208.130005,206.490005,207.309998,205.816452,1377300
2020-02-18,207.179993,209.669998,204.710007,207.679993,206.183777,1355800
2020-02-19,208.619995,210.710007,208.220001,210.309998,208.794830,1200800
2020-02-20,210.000000,211.240005,205.020004,206.309998,204.823639,1200200
2020-02-21,205.809998,208.830002,205.589996,207.500000,206.005081,1053800
2020-02-24,203.839996,205.509995,202.259995,202.520004,201.060974,1307000
2020-02-25,202.000000,203.410004,193.720001,194.779999,193.376724,1285800
2020-02-26,195.500000,197.639999,193.839996,194.429993,193.029236,1716300
2020-02-27,191.380005,192.710007,183.429993,183.479996,182.158112,2116600
2020-02-28,178.339996,180.610001,174.009995,180.449997,179.149963,3424800
2020-03-02,182.699997,191.279999,182.089996,191.220001,189.842377,1778700
2020-03-03,192.199997,197.039993,191.000000,193.919998,192.522919,3065700
2020-03-04,197.910004,204.529999,195.399994,204.339996,202.867844,1897700
2020-03-05,199.289993,202.740005,197.550003,198.910004,197.476974,1599100
2020-03-06,193.910004,195.750000,188.880005,194.410004,193.009384,1864400
2020-03-09,182.750000,189.970001,181.250000,183.839996,182.515533,2081600
2020-03-10,188.960007,191.729996,180.910004,190.850006,189.475052,2935700
2020-03-11,185.360001,187.639999,182.300003,186.580002,185.235809,2145400
2020-03-12,174.630005,178.389999,165.000000,165.059998,163.870834,2583500
2020-03-13,173.850006,180.860001,164.449997,180.070007,178.772705,1908600
2020-03-16,163.300003,173.289993,157.410004,166.119995,165.354797,2419400
2020-03-17,167.589996,176.699997,163.639999,169.500000,168.719223,2791100
2020-03-18,164.979996,170.899994,143.610001,156.529999,155.808960,2395700
2020-03-19,155.570007,164.449997,151.479996,159.580002,158.844925,2084600
2020-03-20,159.419998,159.429993,140.570007,141.880005,141.226456,2746200
2020-03-23,141.320007,141.320007,124.599998,125.220001,124.643196,3445300
2020-03-24,135.410004,154.460007,132.029999,152.970001,152.265366,3078900
2020-03-25,151.020004,157.009995,148.210007,151.779999,151.080841,2236400
2020-03-26,154.690002,163.210007,153.020004,161.690002,160.945206,2426000
2020-03-27,154.970001,162.199997,153.419998,157.479996,156.754593,1800600
2020-03-30,160.020004,162.580002,157.259995,161.399994,160.656540,1773800
2020-03-31,160.139999,160.699997,155.380005,155.830002,155.112183,2442800
2020-04-01,150.419998,151.220001,145.309998,146.699997,146.024231,2659600
2020-04-02,147.210007,152.970001,145.770004,152.160004,151.459091,2486500
2020-04-03,151.300003,154.720001,146.570007,147.259995,146.581665,1635000
2020-04-06,154.970001,158.630005,153.960007,157.389999,156.665009,1708100
2020-04-07,162.910004,164.789993,158.130005,159.110001,158.377090,1464700
2020-04-08,159.979996,171.779999,158.419998,170.809998,170.023193,1723200
2020-04-09,173.339996,180.339996,172.009995,179.860001,179.031509,2170900
2020-04-13,176.339996,180.100006,171.779999,174.660004,173.855469,1287800
2020-04-14,180.000000,181.539993,177.360001,180.800003,179.967178,1748400
2020-04-15,178.089996,178.380005,173.649994,174.660004,173.855469,1069800
2020-04-16,175.350006,176.190002,170.350006,172.490005,171.695465,921300
2020-04-17,176.660004,179.259995,175.000000,178.750000,177.926620,1265900
2020-04-20,175.770004,176.889999,172.750000,172.960007,172.163300,1011100
2020-04-21,170.000000,172.389999,168.559998,170.160004,169.376175,875200
2020-04-22,173.070007,175.600006,171.949997,174.759995,173.954987,985400
2020-04-23,175.429993,178.080002,175.009995,175.039993,174.233704,1296900
2020-04-24,177.130005,180.220001,174.940002,180.080002,179.250504,1272900
2020-04-27,180.729996,189.000000,180.520004,187.509995,186.646271,1783300
2020-04-28,194.000000,199.820007,191.259995,197.580002,196.669876,2385200
2020-04-29,197.839996,199.949997,196.660004,197.580002,196.669876,1638100
2020-04-30,194.119995,195.330002,192.050003,193.500000,192.608673,2138400
2020-05-01,190.210007,191.220001,187.839996,190.000000,189.124802,1356600
2020-05-04,188.940002,191.800003,185.850006,191.520004,190.637802,1101800
2020-05-05,195.369995,196.690002,192.929993,193.320007,192.429520,1092700
2020-05-06,193.250000,196.500000,192.220001,193.029999,192.140823,1185300
2020-05-07,196.250000,197.029999,193.479996,194.119995,193.225815,1014400
2020-05-08,197.000000,198.440002,194.860001,197.759995,196.849045,1052600
2020-05-11,195.919998,196.800003,193.490005,196.080002,195.176788,1193000
2020-05-12,196.929993,197.960007,194.179993,194.199997,193.305435,919100
2020-05-13,193.300003,194.460007,190.139999,191.970001,191.085724,1433000
2020-05-14,189.699997,192.649994,186.229996,192.440002,191.553558,1748900
2020-05-15,190.800003,195.330002,189.350006,194.750000,193.852905,3032000
2020-05-18,200.000000,206.979996,199.529999,204.889999,203.946198,3021800
2020-05-19,204.399994,205.850006,201.089996,201.240005,200.313019,2594400
2020-05-20,205.000000,208.080002,201.770004,202.449997,201.517441,3473400
2020-05-21,202.830002,203.929993,199.699997,200.399994,199.476868,3440600
2020-05-22,200.100006,201.570007,199.020004,200.500000,199.576416,1656100
2020-05-26,204.179993,207.940002,202.199997,204.589996,203.647583,5241700
2020-05-27,207.020004,207.639999,202.350006,207.350006,206.394882,10254900
2020-05-28,210.020004,212.789993,205.130005,211.410004,210.436172,14058400
2020-05-29,211.380005,216.910004,208.199997,212.580002,211.600784,21059600
2020-06-01,212.660004,213.039993,207.830002,209.050003,208.087051,24301200
2020-06-02,209.309998,220.389999,209.309998,212.139999,211.162796,38401500
2020-06-03,215.630005,221.789993,215.070007,220.860001,219.842636,27343300
2020-06-04,219.169998,222.139999,217.110001,222.000000,220.977386,5127500
2020-06-05,225.149994,231.360001,224.949997,229.559998,228.502563,14131100
2020-06-08,228.330002,230.600006,225.550003,230.110001,229.050034,5622300
2020-06-09,226.919998,229.210007,225.889999,226.710007,225.665695,9422300
2020-06-10,227.839996,228.449997,223.690002,225.910004,224.869385,4439400
2020-06-11,219.880005,220.649994,201.869995,202.539993,201.607025,2292000
2020-06-12,208.580002,210.399994,199.190002,204.059998,203.120026,2066500
2020-06-15,198.729996,200.800003,196.690002,199.889999,199.428574,3616200
2020-06-16,208.059998,208.470001,203.179993,206.229996,205.753922,1848400
2020-06-17,207.759995,207.759995,203.639999,205.059998,204.586624,1421000
2020-06-18,204.339996,205.970001,203.110001,205.240005,204.766220,1374400
2020-06-19,209.440002,209.940002,199.410004,199.750000,199.288895,2531800
2020-06-22,199.080002,202.470001,196.520004,201.649994,201.184494,1211700
2020-06-23,203.059998,204.559998,199.720001,199.809998,199.348755,1004100
2020-06-24,198.509995,198.860001,196.529999,196.669998,196.216003,1296200
2020-06-25,195.490005,196.710007,192.300003,196.029999,195.577484,1098500
2020-06-26,197.149994,199.929993,190.979996,191.750000,191.307358,3866400
2020-06-29,194.470001,196.429993,192.589996,195.619995,195.168427,1030400
2020-06-30,196.339996,199.779999,194.699997,198.949997,198.490738,1302000
2020-07-01,199.220001,201.270004,197.710007,200.240005,199.777771,1470200
2020-07-02,202.960007,204.149994,200.149994,200.899994,200.436234,1727300
2020-07-06,203.330002,204.520004,197.860001,201.729996,201.264313,1972400
2020-07-07,200.289993,203.789993,200.000000,202.940002,202.471527,1475700
2020-07-08,202.139999,203.210007,194.000000,196.770004,196.315781,1939200
2020-07-09,197.649994,198.639999,194.539993,197.500000,197.044083,1229200
2020-07-10,197.509995,201.220001,196.270004,200.660004,200.196793,886200
2020-07-13,201.970001,204.770004,199.940002,200.300003,199.837631,1206700
2020-07-14,199.339996,204.350006,199.000000,204.139999,203.668762,803100
2020-07-15,206.130005,208.539993,205.309998,207.899994,207.420074,917800
2020-07-16,207.000000,210.020004,206.789993,208.289993,207.809174,838300
2020-07-17,209.009995,210.919998,208.369995,210.360001,209.874405,826300
2020-07-20,209.869995,211.529999,208.410004,209.850006,209.365585,1297900
2020-07-21,210.419998,211.179993,207.190002,207.649994,207.170654,852100
2020-07-22,207.600006,210.559998,207.160004,210.320007,209.834503,633900
2020-07-23,210.910004,212.669998,208.789993,209.539993,209.056290,764700
2020-07-24,209.020004,210.190002,207.850006,210.059998,209.575089,702300
2020-07-27,210.130005,213.410004,208.570007,212.039993,211.550507,896800
2020-07-28,205.500000,205.500000,193.309998,193.720001,193.272812,2566900
2020-07-29,193.259995,196.240005,193.149994,194.830002,194.380249,2339900
2020-07-30,192.130005,193.649994,189.350006,191.050003,190.608978,1447500
2020-07-31,190.350006,191.199997,183.279999,187.080002,186.648148,1797400
2020-08-03,188.009995,189.119995,184.300003,184.410004,183.984314,1586800
2020-08-04,184.429993,190.600006,183.039993,189.309998,188.872986,2265900
2020-08-05,190.259995,193.979996,190.259995,191.940002,191.496918,1613500
2020-08-06,192.380005,195.119995,191.009995,194.199997,193.751694,1378500
2020-08-07,194.000000,196.089996,192.270004,194.899994,194.450089,1354900
2020-08-10,194.970001,197.229996,194.210007,195.300003,194.849167,761100
2020-08-11,198.619995,199.979996,195.610001,196.220001,195.767044,786100
2020-08-12,197.500000,199.929993,197.289993,198.690002,198.231339,850000
2020-08-13,196.770004,198.910004,195.949997,196.550003,196.096283,618200
2020-08-14,196.070007,196.839996,193.860001,194.710007,194.260529,630900
2020-08-17,195.770004,197.389999,193.729996,194.850006,194.400208,637700
2020-08-18,195.410004,195.809998,193.580002,194.369995,193.921310,619900
2020-08-19,195.399994,196.039993,193.850006,194.059998,193.612030,688100
2020-08-20,192.160004,194.779999,192.160004,194.410004,193.961227,508100
2020-08-21,194.649994,195.360001,193.029999,194.850006,194.400208,704300
2020-08-24,196.580002,198.500000,196.110001,197.520004,197.064041,578000
2020-08-25,197.929993,199.369995,195.740005,195.990005,195.537582,664100
2020-08-26,195.750000,198.270004,195.429993,197.110001,196.654984,783800
2020-08-27,197.610001,199.899994,197.589996,197.679993,197.223663,869000
2020-08-28,197.880005,200.669998,196.600006,200.500000,200.037155,748800
2020-08-31,200.500000,200.990005,196.960007,197.080002,196.625061,826100
2020-09-01,196.619995,201.660004,195.789993,201.660004,201.194489,1124900
2020-09-02,201.250000,209.669998,201.250000,209.179993,208.697113,1372800
2020-09-03,208.529999,209.389999,202.179993,204.839996,204.367142,2042300
2020-09-04,204.850006,206.820007,202.869995,204.759995,204.287323,1632800
2020-09-08,202.869995,203.289993,195.169998,197.880005,197.423218,1322700
2020-09-09,200.199997,205.089996,199.960007,203.000000,202.531387,1342700
2020-09-10,204.240005,205.619995,201.460007,201.869995,201.403992,828600
2020-09-11,203.639999,204.860001,202.139999,203.600006,203.130005,1012500
2020-09-14,205.490005,207.029999,204.399994,204.889999,204.889999,1029500